0.5566879999999994
0.5666880000000001
0.5466880000000005
0.5566880000000003
0.5566879999999994
0.6166880000000008
0.5466879999999996
0.6230577820000001
0.5650071160000003
0.5466880000000005
0.4966879999999998
0.6166880000000008
0.5466879999999996
1.036664
0.6230577820000001
0.5650071160000003
1.036664
0.5566880000000003
0.5666879999999992
0.5466879999999996
1.0886293280000006
0.6166879999999999
0.5586373340000002
1.0866639999999999
0.5619466720000004
0.5466880000000005
1.0441848839999999
0.5666879999999992
1.0419626620000004
0.5616897779999999
0.5036391120000001
0.5466880000000005
0.6219706660000002
1.0866639999999999
0.5466880000000005
1.0441848839999999
0.5666879999999992
1.0419626620000004
0.5616897779999999
0.5566880000000003
0.6166879999999999
1.0919626620000003
0.5466880000000005
1.0441848839999999
1.036664
0.6230577820000001
0.5650071159999994
0.5566879999999994
0.5466879999999996
1.0886293280000006
0.6305786659999999
0.5466880000000005
1.036664
0.5566880000000003
0.5666880000000001
0.5466879999999996
1.0441848839999999
0.5466880000000005
1.0886293279999997
0.616687999999999
0.5566880000000003
1.0366639999999991
0.5566880000000003
0.6166880000000008
1.0866639999999999
0.5466879999999996
0.6166879999999999
1.0866639999999999
0.5619466719999995
0.4966880000000007
1.0386293280000007
0.5566880000000012
1.036664
0.6230577820000001
0.5466880000000005
0.616687999999999
0.5586373339999993
0.5466880000000005
1.0886293279999997
1.0366639999999991
0.5466880000000005
1.0441848840000008
0.6166880000000008
0.5566879999999994
1.0866639999999999
0.5619466719999995
1.0372213339999998
0.6236151159999999
0.5466879999999996
1.036664
0.6166879999999999
0.5566880000000012
0.5466880000000014
0.6219706660000011
1.0866640000000007
0.5566880000000012
1.0366639999999991
0.5466879999999996
1.0366639999999991
0.6230577820000001
0.5650071160000003
0.5466879999999996
1.036664000000001
0.6166879999999999
0.5466879999999996
1.0441848839999999
0.5566879999999994
1.0866640000000007
0.6166879999999999
0.603081778
0.5672533340000001
0.566688000000001
1.0866640000000007
1.036664
0.5566879999999994
0.5666879999999992
1.0419626620000013
0.5616897779999999
0.5566879999999994
0.6166879999999999
0.5466879999999996
1.0886293279999997
0.9866639999999993
0.5566879999999994
0.49863733399999965
1.036664
0.6166879999999999
0.5466879999999996
1.0866640000000007
0.5566880000000012
0.5466880000000014
1.0441848839999999
0.6305786659999999
1.036664
0.5566879999999994
0.5666879999999992
1.0866640000000007
0.5619466719999995
0.5466879999999996
0.6219706659999993
1.036664
0.4966880000000007
1.038629327999999
0.5583564439999993
0.6166879999999999
0.5466880000000014
1.0441848839999999
0.6305786659999999
0.5566880000000012
1.036664
0.5466879999999996
0.5466879999999996
1.0866640000000007
0.6166879999999999
0.5586373340000002
1.086663999999999
0.9866639999999993
0.6175022259999992
0.5594515599999994
0.5566879999999994
0.5466879999999996
0.6219706659999993
1.036664
0.9866640000000011
0.5508355600000012
0.6166879999999999
0.5586373340000002
0.9866640000000011
0.5730577820000011
0.5466879999999996
0.5566879999999994
1.036664
0.4966879999999989
0.9866639999999993
0.6166879999999999
0.5466879999999996
0.9866639999999993
0.5966880000000003
0.5608595560000005
1.036664
0.566688000000001
0.5086373340000012
0.9866639999999993
0.5566880000000012
0.987518218
0.566688000000001
0.5466879999999996
0.9866640000000011
0.6166880000000017
0.5586373340000002
0.4966879999999989
0.5719706660000003
0.9866639999999993
0.5466879999999996
0.6219706659999993
1.036664
0.5566879999999994
0.5466879999999996
1.036664
0.9866640000000011
0.5066880000000005
0.5466880000000014
0.6166879999999999
1.036664
0.5566880000000012
1.036664
0.5566879999999994
0.6166879999999999
0.5466879999999996
1.0441848839999999
0.9866639999999993
0.6175022259999992
0.5966880000000003
0.5666879999999992
0.5566879999999994
0.987518218
0.566688000000001
0.9866639999999993
0.5508355599999994
0.9866640000000011
0.5566880000000012
0.5466880000000014
0.6219706660000011
0.5466880000000014
0.9866640000000011
0.5566879999999994
0.987518218
0.5566879999999994
0.6166879999999999
1.036664
0.5966880000000003
0.5608595560000005
0.5466879999999996
1.0441848839999999
0.6166879999999999
0.9866640000000011
0.566688000000001
0.5566880000000012
0.566688000000001
0.5466880000000014
1.036664
0.4966879999999989
0.9941848839999992
0.5583564439999993
0.9891866619999998
0.6200248880000014
0.5466879999999996
1.036664
0.5566879999999994
0.6166879999999999
0.5566879999999994
1.036664
0.9866639999999993
0.5508355599999994
0.6166879999999999
0.5586373340000002
0.5466880000000014
1.036664
0.9866640000000011
0.5730577820000011
0.5566879999999994
0.987518218
0.6183564440000016
0.5466879999999996
0.9866639999999993
0.5508355599999994
0.6166879999999999
0.5566879999999994
0.987518218
0.5466879999999996
0.6166879999999999
0.5141928900000003
1.036664
0.5966880000000003
0.5566880000000012
1.036664
0.9866640000000011
0.6166879999999999
0.5586373339999984
0.5466879999999996
0.5666879999999992
1.036664
0.9366640000000004
0.5566879999999994
0.49863733399999965
0.6183644439999991
0.9866639999999993
0.5466879999999996
0.6219706659999993
1.036664
0.5566880000000012
0.6166879999999999
0.5466880000000014
1.036664
0.5566880000000012
0.9866640000000011
0.5466879999999996
0.6166880000000017
0.5586373340000002
1.036664
0.9866639999999993
0.5966879999999986
0.5566879999999994
0.987518218
0.5666879999999992
0.9866639999999993
0.6166879999999999
0.603081778
0.5566879999999994
0.9866640000000011
0.5730577820000011
0.5466880000000014
1.036664
0.6166879999999999
0.603081778
0.5672533339999983
0.5566879999999994
1.0366639999999983
0.5466879999999996
0.6219706659999993
0.9866639999999993
0.5566879999999994
1.036664
0.5466879999999996
0.6166879999999999
0.9866639999999993
0.5566879999999994
0.987518218
0.566688000000001
0.553081778000001
0.5566880000000012
1.036664
0.566688000000001
0.5466879999999996
0.5466879999999996
1.0441848840000016
0.6305786659999999
0.5066880000000005
0.9866639999999993
0.9866639999999993
0.5566879999999994
0.5666879999999992
0.5530817779999992
0.9866639999999993
0.9866639999999993
0.5566880000000012
0.5466879999999996
0.6219706659999993
0.9866640000000011
0.5566880000000012
0.6166879999999999
0.5466879999999996
1.0441848839999999
0.5566879999999994
0.49863733399999965
1.036664
0.6230577820000001
0.6166879999999999
0.5466879999999996
1.0441848839999999
0.5566879999999994
1.086663999999999
0.5566880000000012
0.987518218
0.6183564439999998
0.5466880000000014
0.9866640000000011
0.5566880000000012
0.6166879999999999
0.9866640000000011
0.5508355599999994
1.036664
0.5566879999999994
0.6166879999999999
0.5466879999999996
0.5466879999999996
0.6219706659999993
1.036664
0.5566879999999994
0.566688000000001
1.0419626619999995
0.9866640000000011
0.5508355600000012
0.9866640000000011
0.6175022260000009
0.5594515600000012
0.9866640000000011
0.5966880000000003
0.5608595560000005
0.9866639999999993
0.6166879999999999
0.603081778
0.5672533340000001
1.036664
0.6166879999999999
0.5966880000000003
0.5608595560000005
1.036664
0.566688000000001
0.553081778000001
0.9866639999999993
0.5566880000000012
0.566688000000001
0.5466880000000014
1.0441848839999999
0.9866640000000011
0.6175022260000009
0.5566879999999994
0.987518218
0.5466879999999996
0.9866639999999993
0.6175022259999992
0.5594515599999994
0.9866639999999993
0.5508355599999994
0.5566880000000012
0.5666879999999992
1.0419626620000013
0.5616897780000016
0.5566880000000012
0.5666879999999992
1.0419626620000013
0.5616897780000016
0.9866639999999993
0.5566879999999994
0.9875182179999982
0.6183564439999998
0.5466879999999978
0.9866640000000011
0.6175022260000009
0.5566879999999994
0.9875182179999982
0.618356443999998
0.5466880000000014
0.5566879999999994
1.0366639999999983
0.5466880000000014
1.0441848839999999
0.6166880000000017
0.5566879999999994
1.0366640000000018
0.5466879999999996
0.6166880000000017
0.5586373340000002
0.5466879999999996
1.044184883999998
0.6166879999999999
0.9866639999999993
0.5966880000000003
0.5608595560000005
0.9916897739999992
0.9866639999999993
0.5730577819999993
0.5566880000000012
0.6166879999999999
0.9866639999999993
0.5466879999999996
0.6166879999999999
0.5586373340000002
0.5466879999999996
1.0441848840000016
0.5566880000000012
1.036664
0.5466879999999996
0.9866640000000011
0.6166879999999999
0.5586373340000002
0.9866640000000011
0.550835560000003
0.9866640000000011
0.6175022260000027
0.5466879999999996
0.9866640000000011
0.6175022259999992
0.5594515599999994
0.9866640000000011
0.5566879999999976
0.6166879999999999
0.9866640000000011
0.5508355599999994
0.6166879999999999
0.5586373340000002
0.5466879999999996
1.0441848839999999
0.6166879999999999
0.5586373340000002
0.5466879999999996
1.0366640000000018
0.9866640000000011
0.5966880000000003
0.5608595560000005
0.9866639999999975
0.5730577819999993
0.9866639999999975
0.5466879999999996
0.6166879999999999
0.5586373340000002
1.0366639999999983
0.6166879999999999
0.5966880000000003
0.5608595560000005
1.0366639999999983
0.5666880000000027
0.9866640000000011
0.5566880000000012
0.5466879999999996
0.9866640000000011
0.6166880000000035
0.5586373340000002
0.9894675520000007
0.553639111999999
0.9866640000000011
0.5508355599999994
0.6166879999999999
0.9866640000000011
0.5566879999999976
0.5466879999999996
0.9866640000000011
0.6175022259999992
0.5566880000000012
0.9875182180000017
0.6166879999999999
0.603081778
0.5566880000000012
1.0366640000000018
0.5666879999999992
0.5566880000000012
0.5466879999999996
1.0441848839999999
0.6305786660000017
0.550305778000002
0.9866639999999975
0.5566880000000012
0.9875182179999982
0.5466879999999996
0.9866639999999975
0.6175022259999992
0.5566880000000012
0.5466880000000032
1.0441848839999999
0.6166879999999999
0.5566879999999976
1.0366639999999983
0.6230577820000001
0.5466879999999996
1.0441848839999999
0.5566879999999976
0.9875182180000017
0.4966879999999989
0.5719706659999986
0.5566879999999976
0.9875182180000017
0.6166879999999999
0.5466879999999996
0.9866640000000011
0.9866640000000011
0.5566880000000012
0.6166879999999999
0.5466879999999996
0.9866640000000011
0.5566880000000012
0.9875182180000017
0.5516897780000001
0.6269724439999997
1.0366639999999983
0.6166879999999999
0.603081778
0.5672533340000001
1.042527995999997
0.5566880000000012
0.5466879999999996
0.6219706659999993
0.9866639999999975
0.5566880000000012
0.9866640000000011
0.5730577820000029
0.5466880000000032
0.9866640000000011
0.5566879999999976
0.6166879999999999
0.5466879999999996
1.0366639999999983
0.5566879999999976
0.5466879999999996
1.0441848839999999
0.6305786659999981
0.994742217999999
0.5466879999999996
0.9866640000000011
0.6175022259999992
0.5566880000000012
0.9875182180000017
0.5666879999999992
0.5566880000000012
0.5466879999999996
0.9866640000000011
0.5566880000000012
0.9875182180000017
0.6183564439999998
0.9866639999999975
0.5508355599999994
0.6166879999999999
0.5566880000000012
0.9875182179999982
0.5466879999999996
0.6166879999999999
0.9866639999999975
0.5966880000000003
0.5566880000000012
0.9875182179999982
0.5466879999999996
1.0366639999999983
0.6230577820000001
0.5566880000000012
0.6166879999999999
0.9866640000000011
0.5466879999999996
0.6166880000000035
0.5586373340000002
0.9894675520000007
0.5566879999999976
0.5466879999999996
1.0441848839999999
0.6166879999999999
0.5566879999999976
0.9875182180000017
0.5072453340000003
0.9866640000000011
0.6166879999999999
0.9866640000000011
0.5508355599999994
0.6166879999999999
0.5586373340000002
0.9894675520000007
0.5466879999999996
0.9866639999999975
0.5566880000000012
0.6166879999999999
0.9866639999999975
0.5508355599999994
0.6166879999999999
0.5586373340000002
0.9894675519999971
0.9866639999999975
0.5566880000000012
0.5466879999999996
0.6219706659999993
0.5466880000000032
1.0366639999999983
0.5566880000000012
0.6166879999999999
0.9866640000000011
0.9866640000000011
0.5508355599999994
0.6166879999999999
0.5586373340000002
0.5466879999999996
1.0441848839999999
0.6166879999999999
0.9866640000000011
0.5966880000000003
0.5608595560000005
0.5666879999999992
0.5566880000000012
1.0366640000000018
0.4966879999999989
0.5566880000000012
1.0366640000000018
0.6230577820000001
0.9866640000000011
0.9866640000000011
0.5508355599999994
0.5566880000000012
0.6166879999999999
0.9866639999999975
0.5466879999999996
0.9866639999999975
0.6175022259999992
0.5566880000000012
0.9866639999999975
0.5508355599999994
0.6166879999999999
0.9866640000000011
0.550835560000003
0.6166879999999999
0.5586373340000002
0.9894675520000007
0.5566880000000012
0.5466880000000032
0.6166879999999999
1.0366639999999983
0.5566879999999976
0.9866640000000011
0.5508355599999994
0.9866640000000011
0.6175022259999992
0.5566879999999976
0.5466879999999996
1.0441848839999999
0.6166879999999999
0.9866640000000011
0.5566880000000012
0.5466879999999996
0.6219706659999993
0.5466879999999996
1.0441848839999999
0.6166879999999999
0.5586373340000002
0.9894675519999971
0.5466879999999996
1.0366639999999983
0.6230577820000001
0.5650071160000003
0.9866639999999975
0.9866639999999975
0.5566880000000012
0.5466879999999996
0.6219706659999993
0.9866639999999975
0.5566880000000012
0.9875182179999982
0.5516897780000001
0.6269724439999997
0.9866640000000011
0.550835560000003
0.6166879999999999
0.5586373339999966
0.9894675520000007
0.5466879999999996
0.6166879999999999
1.0366640000000018
0.6008355600000002
0.5650071160000003
0.9866640000000011
0.5730577819999993
0.5566879999999976
0.9866640000000011
0.5508355599999994
0.6166879999999999
0.5566880000000012
1.0366640000000018
0.9866640000000011
0.5566880000000012
0.5466879999999996
0.6219706659999993
0.5466879999999996
1.0441848839999999
0.6166879999999999
0.5566880000000012
1.0366639999999983
0.5466879999999996
1.0366639999999983
0.6230577820000001
0.5466879999999996
1.0366639999999983
0.6230577820000001
0.5650071160000003
0.9866640000000011
0.9866640000000011
0.5566880000000012
0.5466880000000032
0.6219706660000028
0.9866640000000011
0.5566879999999976
0.6166879999999999
0.9866640000000011
0.5966879999999968
0.5566879999999976
0.9875182180000017
0.5466879999999996
0.6166879999999999
0.5566879999999976
0.5466879999999996
1.0441848839999999
0.6166879999999999
0.9866640000000011
0.5466879999999996
0.9866640000000011
0.6166879999999999
0.5966880000000003
0.5608595560000005
0.5666879999999992
1.0366640000000018
0.5566880000000012
0.9875182179999982
0.5566880000000012
1.0366639999999983
0.6230577820000001
0.5466879999999996
0.6166879999999999
0.5586373340000002
1.0366639999999983
0.5466879999999996
0.9866640000000011
0.5566880000000012
0.5466880000000032
1.0366639999999983
0.6230577820000001
0.9866640000000011
0.5466879999999996
0.5466879999999996
0.6219706659999993
0.9866640000000011
0.9866640000000011
0.5566879999999976
0.5666879999999992
1.0366640000000018
0.6230577820000001
0.6094515600000001
0.5736231160000003
0.9866640000000011
0.5566880000000012
0.5666879999999992
1.0366640000000018
0.5966880000000003
0.5608595560000005
0.9866640000000011
0.5508355599999994
0.9866639999999975
0.6175022259999992
0.5594515599999994
0.5014008939999997
0.6166879999999999
0.5466879999999996
1.0441848839999999
0.9866639999999975
0.5566880000000012
0.6166879999999999
0.9866640000000011
0.5666880000000027
0.5530817780000028
1.0366639999999983
0.5566880000000012
0.5566879999999976
1.0366639999999983
0.6230577820000001
0.5466879999999996
0.9866640000000011
0.6166879999999999
0.5586373340000002
0.5466879999999996
0.9866640000000011
0.5466879999999996
0.9866640000000011
0.5566879999999976
0.5666879999999992
0.9866640000000011
0.5466879999999996
0.6166879999999999
1.0366640000000018
0.9866640000000011
0.5966880000000003
0.5608595560000005
0.5666879999999992
0.5566880000000012
1.0366640000000018
0.6166879999999999
0.9866639999999975
0.5966880000000003
0.5608595560000005
0.9866639999999975
0.5730577819999993
0.5594515599999994
0.5566880000000012
0.9866639999999975
0.5466879999999996
0.6166879999999999
0.5586373340000002
0.9894675520000007
0.9866640000000011
0.5466879999999996
0.6166879999999999
0.9866640000000011
0.5508355599999994
0.6166879999999999
0.5586373340000002
1.0366640000000018
0.5566879999999976
1.0366640000000018
0.6230577820000001
0.5966880000000003
0.9866640000000011
0.5566880000000012
0.5466879999999996
0.6219706659999993
0.9866640000000011
0.5566880000000012
0.9875182180000017
0.5516897780000001
0.6269724439999997
0.5566880000000012
1.0366640000000018
0.5466879999999996
0.9866639999999975
0.6175022259999992
0.5466879999999996
1.0366639999999983
0.6230577820000001
0.5650071160000003
0.9866639999999975
0.9866640000000011
0.6175022260000027
0.6038960040000028
0.5680675600000029
0.5466880000000032
0.9866640000000011
0.6166879999999999
0.5586373340000002
0.9866640000000011
0.5566879999999976
0.5466879999999996
0.6219706659999993
0.9866640000000011
0.9866640000000011
0.5566879999999976
0.5466879999999996
0.6219706659999993
0.5466879999999996
1.0441848839999999
0.6166879999999999
0.9866640000000011
0.5966880000000003
0.5608595560000005
0.991689774000001
0.5666879999999992
0.9866640000000011
0.5566880000000012
0.5466879999999996
0.9866639999999975
0.6166879999999999
0.5966880000000003
0.5608595560000005
0.9866639999999975
0.5730577819999993
0.5566880000000012
0.9866639999999975
0.5566880000000012
0.6166879999999999
0.5466879999999996
1.0366639999999983
0.9866640000000011
0.550835560000003
0.6166879999999999
0.9866640000000011
0.5508355599999994
0.6166880000000035
0.5586373340000002
1.0366639999999983
0.5566879999999976
0.9875182180000017
0.5466879999999996
0.6219706659999993
0.5466879999999996
0.9866640000000011
0.5566879999999976
0.9866640000000011
0.5730577819999993
0.5566880000000012
0.6166879999999999
1.0366640000000018
0.5966880000000003
0.5608595560000005
0.991689774000001
0.5466879999999996
0.9866639999999975
0.6175022259999992
0.9866639999999975
0.5508355599999994
0.6166879999999999
0.5586373340000002
0.9894675519999971
0.49668800000000246
0.5566880000000012
0.6166879999999999
0.5466879999999996
1.0441848839999999
0.9866640000000011
0.5566880000000012
0.6166879999999999
0.5566879999999976
1.0366639999999983
0.6230577820000001
0.5466879999999996
0.9866640000000011
0.9866640000000011
0.6175022259999992
0.5594515599999994
0.5466879999999996
0.9866640000000011
0.5466879999999996
0.9866640000000011
0.6175022259999992
0.5566879999999976
0.5466879999999996
0.9866640000000011
0.5566880000000012
0.9866640000000011
0.5730577819999993
0.5466879999999996
0.6166879999999999
1.0366640000000018
0.6008355600000002
0.5650071160000003
0.9866639999999975
0.5730577819999993
0.5566880000000012
0.9875182179999982
0.5666879999999992
0.9866639999999975
0.5966880000000003
0.5608595560000005
0.9866639999999975
0.5466880000000032
0.6166879999999999
0.5066879999999969
0.5466880000000032
1.0441848839999999
0.6166879999999999
0.9866640000000011
0.5566879999999976
0.5466879999999996
1.0366640000000018
0.6230577820000001
0.5466879999999996
1.0366640000000018
0.6230577820000001
0.5650071160000003
0.9866640000000011
0.5566880000000012
0.9875182180000017
0.6183564439999998
0.9866640000000011
0.5508355599999994
0.5566880000000012
0.6166879999999999
0.9866640000000011
0.5466879999999996
0.9866639999999975
0.5566880000000012
0.5466879999999996
0.6166879999999999
0.5566880000000012
1.0366639999999983
0.5466879999999996
0.6219706659999993
0.9866639999999975
0.5466879999999996
0.9866640000000011
0.6166879999999999
0.9866640000000011
0.5966880000000003
0.5608595560000005
0.5666880000000027
0.5566880000000012
0.9875182179999982
0.5666879999999992
1.0366639999999983
0.5566879999999976
0.4986373339999979
0.9866640000000011
0.6166879999999999
0.5586373340000002
0.5466879999999996
1.0366640000000018
0.5566879999999976
0.5466879999999996
1.0366640000000018
0.6230577820000001
0.9866640000000011
0.5466879999999996
0.5466879999999996
0.6219706659999993
0.9866640000000011
0.5566880000000012
0.9875182179999982
0.5666879999999992
0.9866639999999975
0.5566880000000012
0.5666879999999992
0.9866639999999975
0.5466879999999996
0.6166879999999999
0.5586373340000002
1.0366639999999983
0.5966880000000003
0.5608595560000005
0.9866640000000011
0.550835560000003
0.9866640000000011
0.6175022260000027
0.559451560000003
0.5014008939999997
0.9866640000000011
0.6166879999999999
0.5466879999999996
0.9866640000000011
0.5566879999999976
0.9875182180000017
0.6183564439999998
0.5566879999999976
0.9866640000000011
0.5730577819999993
0.5466879999999996
0.6166879999999999
0.5586373340000002
1.0366640000000018
0.5466879999999996
0.9866640000000011
0.6166879999999999
0.5586373340000002
0.5466879999999996
0.9866639999999975
0.5466879999999996
0.9866639999999975
0.5566880000000012
0.5666879999999992
0.9866639999999975
0.9866639999999975
0.9875182179999982
1.0366639999999983
0.9866640000000011
0.9866640000000011
0.9866640000000011
0.9866640000000011
639999999983
0.6666640000000008
0.6552720000000001
0.6566639999999992
1.0366640000000018
0.6666640000000008
0.6552720000000001
1.0366639999999983
0.6652720000000016
0.6666640000000008
1.0366640000000018
0.6466640000000012
0.6566639999999992
1.0366640000000018
0.6666639999999973
0.6466640000000012
1.0366639999999983
0.6566640000000028
0.7166640000000015
0.6466639999999977
0.6566639999999992
1.086663999999999
0.6666640000000008
1.0366639999999983
0.6466640000000012
0.6566639999999992
1.0366640000000018
0.6666640000000008
0.6552719999999965
1.0366640000000018
0.6652719999999981
0.6666640000000008
0.6552720000000001
1.0366639999999983
0.6566639999999992
0.6666640000000008
0.6552720000000001
1.0438800000000015
1.0366640000000018
0.6652719999999981
0.6666640000000008
0.6466640000000012
1.0366639999999983
0.6652720000000016
0.6666640000000008
0.6552720000000001
1.0438800000000015
1.0366639999999983
0.7252720000000004
0.6738800000000005
0.6624879999999997
0.6566639999999992
0.6666640000000008
0.6466639999999977
1.086663999999999
0.6566639999999992
1.0366639999999983
0.6666640000000008
0.6552720000000001
1.0366639999999983
0.6566640000000028
0.6666640000000008
1.0366640000000018
0.6466639999999977
0.6566639999999992
1.0366639999999983
0.6666640000000008
0.6552720000000001
0.6566640000000028
1.086663999999999
0.6666639999999973
0.6552720000000001
1.0366639999999983
0.6652719999999981
0.6666640000000008
1.0366639999999983
0.6466640000000012
1.0366640000000018
0.6566639999999992
0.7166640000000015
0.6466640000000012
1.0366639999999983
0.6566639999999992
0.6666640000000008
0.6552720000000001
1.0438800000000015
0.6566640000000028
0.6666639999999973
1.0366640000000018
0.6466639999999977
0.6566639999999992
1.0366639999999983
0.6666640000000008
0.6552720000000001
1.0366640000000018
0.6652720000000016
0.6666639999999973
0.6552720000000001
1.043879999999998
0.6566639999999992
0.6666640000000008
1.086663999999999
0.6552720000000001
0.6566639999999992
0.6666639999999973
1.0366640000000018
0.6466640000000012
1.0366639999999983
1.0366640000000018
1.0366639999999983
1.0366639999999983
1.0366640000000018
1.0366639999999983
