0.3466399999999972
0.3466399999999972
0.3466399999999972
0.3466399999999972
0.34663999999999895
0.34663999999999895
0.34663999999999895
0.34663999999999895
0.34663999999999895
0.34663999999999895
0.34663999999999895
0.34663999999999984
0.34663999999999984
0.3466400000000007
0.3466400000000007
0.3466400000000007
0.3466400000000007
0.3466400000000007
0.3466400000000007
0.3466400000000007
0.3466400000000007
0.3466400000000007
0.3466400000000007
0.3466400000000007
0.3466400000000007
0.3466400000000007
0.3466400000000007
0.3466400000000007
0.3466400000000007
0.3466400000000007
0.3466400000000007
0.3466400000000007
0.3466400000000007
0.3466400000000007
0.3466400000000007
0.34668800000000033
0.34668800000000033
0.34668800000000033
0.34668800000000033
0.34668800000000033
0.34668800000000033
0.34668800000000033
0.34668800000000033
0.34668800000000033
0.34668800000000033
0.35663999999999874
0.35663999999999874
0.35663999999999874
0.35663999999999874
0.3566400000000005
0.3566400000000005
0.3566400000000005
0.3566400000000005
0.3566400000000023
0.35668799999999834
0.35668799999999834
0.3566880000000019
0.3755199999999981
0.3755199999999981
0.3755199999999981
0.3755199999999981
0.3755199999999981
0.37551999999999985
0.37551999999999985
0.37551999999999985
0.37551999999999985
0.37551999999999985
0.37551999999999985
0.37551999999999985
0.37551999999999985
0.37551999999999985
0.37551999999999985
0.37551999999999985
0.37551999999999985
0.37551999999999985
0.37551999999999985
0.37552000000000163
0.37552000000000163
0.37552000000000163
0.37552000000000163
0.37552000000000163
0.37552000000000163
0.37552000000000163
0.37552000000000163
0.3755839999999999
0.3755839999999999
0.3755839999999999
0.3755839999999999
0.3755839999999999
0.3755839999999999
0.3755839999999999
0.38551999999999964
0.38551999999999964
0.38551999999999964
0.38551999999999964
0.38551999999999964
0.38551999999999964
0.38551999999999964
0.38551999999999964
0.38551999999999964
0.38551999999999964
0.38551999999999964
0.38551999999999964
0.38551999999999964
0.38551999999999964
0.38551999999999964
0.38551999999999964
0.38551999999999964
0.38551999999999964
0.38551999999999964
0.38551999999999964
0.38551999999999964
0.38551999999999964
0.38551999999999964
0.38551999999999964
0.38551999999999964
0.38551999999999964
0.38551999999999964
0.38551999999999964
0.38551999999999964
0.38551999999999964
0.38552000000000053
0.3855200000000014
0.3855200000000032
0.3855200000000032
0.3855200000000032
0.3855200000000032
0.38558399999999793
0.3855840000000015
0.3855840000000015
0.3855840000000015
0.3855840000000015
0.3855840000000015
0.3855840000000015
0.3855840000000015
0.3855840000000015
0.3966399999999979
0.3966399999999979
0.3966399999999979
0.3966399999999979
0.3966399999999979
0.3966399999999979
0.3966399999999979
0.3966399999999979
0.3966399999999979
0.3966399999999979
0.3966399999999979
0.3966399999999979
0.3966399999999979
0.3966399999999979
0.3966399999999979
0.3966399999999979
0.3966399999999979
0.3966399999999979
0.3966399999999979
0.3966399999999979
0.39663999999999966
0.39663999999999966
0.39663999999999966
0.39663999999999966
0.39663999999999966
0.39663999999999966
0.39663999999999966
0.39663999999999966
0.39663999999999966
0.39663999999999966
0.39663999999999966
0.39663999999999966
0.39663999999999966
0.39663999999999966
0.39663999999999966
0.39663999999999966
0.39663999999999966
0.39663999999999966
0.39663999999999966
0.39663999999999966
0.39663999999999966
0.39663999999999966
0.39663999999999966
0.39663999999999966
0.39663999999999966
0.39663999999999966
0.39663999999999966
0.39663999999999966
0.39663999999999966
0.39663999999999966
0.39663999999999966
0.39663999999999966
0.39663999999999966
0.39663999999999966
0.39663999999999966
0.39663999999999966
0.39663999999999966
0.39663999999999966
0.39663999999999966
0.39663999999999966
0.39663999999999966
0.39663999999999966
0.39663999999999966
0.39663999999999966
0.39664000000000055
0.39664000000000055
0.39664000000000055
0.39664000000000055
0.39664000000000055
0.39664000000000055
0.39664000000000055
0.39664000000000144
0.39664000000000144
0.39664000000000144
0.39664000000000144
0.39664000000000144
0.39664000000000144
0.39664000000000144
0.39664000000000144
0.39664000000000144
0.39664000000000144
0.39664000000000144
0.39664000000000144
0.39664000000000144
0.39664000000000144
0.39664000000000144
0.39664000000000144
0.39664000000000144
0.39664000000000144
0.39664000000000144
0.39664000000000144
0.39664000000000144
0.39664000000000144
0.39664000000000144
0.39664000000000144
0.39664000000000144
0.39664000000000144
0.39664000000000144
0.39664000000000144
0.39664000000000144
0.39664000000000144
0.39664000000000144
0.39664000000000144
0.39664000000000144
0.39664000000000144
0.39664000000000144
0.39664000000000144
0.39664000000000144
0.39664000000000144
0.39664000000000144
0.3966879999999975
0.3966879999999975
0.3966879999999975
0.3966879999999975
0.3966879999999975
0.3966879999999975
0.3966879999999975
0.3966879999999975
0.3966879999999975
0.39668799999999926
0.39668799999999926
0.39668799999999926
0.39668800000000104
0.39668800000000104
0.39668800000000104
0.39668800000000104
0.39668800000000104
0.39668800000000104
0.39668800000000104
0.39668800000000104
0.39668800000000104
0.39668800000000104
0.39668800000000104
0.39668800000000104
0.39668800000000104
0.39668800000000104
0.39668800000000104
0.39668800000000104
0.39668800000000104
0.39668800000000104
0.39668800000000104
0.39668800000000104
0.39668800000000104
0.39668800000000104
0.39668800000000104
0.39668800000000104
0.39668800000000104
0.39668800000000104
0.39668800000000104
0.39668800000000104
0.39668800000000104
0.39668800000000104
0.39668800000000104
0.39668800000000104
0.39668800000000104
0.39668800000000104
0.39668800000000104
0.39668800000000104
0.39668800000000104
0.39668800000000104
0.39668800000000104
0.39668800000000104
0.39668800000000104
0.39668800000000104
0.39668800000000104
0.39668800000000104
0.39668800000000104
0.40663999999999945
0.40663999999999945
0.40663999999999945
0.40663999999999945
0.40663999999999945
0.40663999999999945
0.40663999999999945
0.40663999999999945
0.40663999999999945
0.40663999999999945
0.40663999999999945
0.40663999999999945
0.40663999999999945
0.40663999999999945
0.40663999999999945
0.40663999999999945
0.40663999999999945
0.40663999999999945
0.40663999999999945
0.40663999999999945
0.40663999999999945
0.40663999999999945
0.40663999999999945
0.40663999999999945
0.40663999999999945
0.40663999999999945
0.40663999999999945
0.40663999999999945
0.40663999999999945
0.40663999999999945
0.40663999999999945
0.40663999999999945
0.40663999999999945
0.40663999999999945
0.40663999999999945
0.40663999999999945
0.40663999999999945
0.40663999999999945
0.40663999999999945
0.40663999999999945
0.40663999999999945
0.40663999999999945
0.40663999999999945
0.40663999999999945
0.40663999999999945
0.40663999999999945
0.40663999999999945
0.40663999999999945
0.40663999999999945
0.40663999999999945
0.40663999999999945
0.40663999999999945
0.40663999999999945
0.40663999999999945
0.40663999999999945
0.40663999999999945
0.40663999999999945
0.40663999999999945
0.40663999999999945
0.40663999999999945
0.40663999999999945
0.40663999999999945
0.40663999999999945
0.40663999999999945
0.40663999999999945
0.40663999999999945
0.40663999999999945
0.40663999999999945
0.40663999999999945
0.40663999999999945
0.40663999999999945
0.40663999999999945
0.40663999999999945
0.40663999999999945
0.40663999999999945
0.40663999999999945
0.40663999999999945
0.40663999999999945
0.40663999999999945
0.40663999999999945
0.40663999999999945
0.40663999999999945
0.40664000000000033
0.40664000000000033
0.40664000000000033
0.40664000000000033
0.40664000000000033
0.40664000000000033
0.40664000000000033
0.40664000000000033
0.40664000000000033
0.40664000000000033
0.40664000000000033
0.40664000000000033
0.4066400000000012
0.4066400000000012
0.4066400000000012
0.4066400000000012
0.4066400000000012
0.4066400000000012
0.4066400000000012
0.4066400000000012
0.4066400000000012
0.4066400000000012
0.4066400000000012
0.4066400000000012
0.4066400000000012
0.4066400000000012
0.4066400000000012
0.4066400000000012
0.4066400000000012
0.4066400000000012
0.4066400000000012
0.4066400000000012
0.4066400000000012
0.4066400000000012
0.4066400000000012
0.4066400000000012
0.4066400000000012
0.4066400000000012
0.406640000000003
0.406640000000003
0.406640000000003
0.406640000000003
0.406640000000003
0.406640000000003
0.406640000000003
0.406640000000003
0.406640000000003
0.406640000000003
0.40668799999999905
0.40668799999999905
0.40668799999999905
0.40668799999999905
0.40668799999999905
0.40668799999999905
0.40668799999999905
0.40668799999999905
0.40668799999999905
0.40668799999999905
0.40668799999999905
0.40668799999999905
0.40668799999999905
0.40668799999999905
0.40668799999999905
0.40668799999999905
0.40668799999999905
0.40668799999999905
0.40668799999999905
0.40668799999999905
0.40668799999999905
0.40668799999999905
0.40668799999999905
0.40668799999999905
0.40668799999999905
0.40668799999999905
0.40668799999999905
0.40668799999999905
0.40668799999999905
0.40668799999999905
0.40668799999999905
0.40668799999999905
0.40668799999999905
0.40668799999999905
0.40668799999999905
0.40668799999999905
0.40668799999999905
0.40668799999999905
0.40668799999999905
0.40668799999999905
0.40668799999999905
0.40668799999999905
0.40668799999999905
0.40668799999999905
0.40668799999999905
0.40668799999999905
0.40668799999999905
0.40668799999999905
0.40668799999999905
0.40668799999999905
0.40668799999999905
0.40668799999999905
0.40668799999999905
0.40668799999999905
0.40668799999999905
0.40668799999999905
0.40668799999999905
0.40668799999999905
0.40668799999999905
0.40668799999999905
0.40668799999999905
0.40668799999999905
0.40668799999999905
0.40668799999999905
0.40668799999999905
0.40668799999999905
0.40668799999999905
0.40668799999999905
0.40668799999999905
0.40668799999999905
0.40668799999999905
0.40668799999999905
0.40668799999999905
0.40668799999999905
0.40668799999999905
0.40668799999999905
0.40668799999999905
0.4066880000000008
0.4066880000000008
0.4066880000000008
0.4066880000000008
0.4066880000000008
0.4066880000000008
0.4066880000000008
0.4066880000000008
0.4066880000000026
0.4066880000000026
0.4066880000000026
0.4066880000000026
0.4066880000000026
0.4066880000000026
0.4066880000000026
0.4066880000000026
0.4066880000000026
0.4066880000000026
0.4066880000000026
0.4066880000000026
0.4066880000000026
0.4066880000000026
0.4066880000000026
0.4066880000000026
0.4066880000000026
0.4066880000000026
0.4066880000000026
0.4066880000000026
0.4066880000000026
0.4066880000000026
0.4255199999999988
0.4255199999999997
0.42558399999999885
0.42558400000000063
0.42558400000000063
0.42558400000000063
0.4355199999999986
0.43552000000000035
0.43552000000000035
0.43552000000000035
0.43552000000000035
0.43558399999999864
0.43558399999999864
0.43558399999999864
0.43558399999999864
0.43558399999999864
0.43558399999999864
0.43558399999999864
0.43558399999999864
0.43558399999999864
0.43558399999999864
0.4355840000000004
0.4355840000000004
0.4355840000000004
0.4355840000000004
0.4355840000000022
0.4355840000000022
0.4355840000000022
0.4355840000000022
0.4355840000000022
0.4355840000000022
0.4466399999999986
0.4466399999999986
0.4466399999999986
0.4466399999999986
0.4466399999999995
0.4466399999999995
0.4466399999999995
0.44664000000000037
0.44664000000000037
0.44664000000000037
0.44664000000000037
0.44664000000000037
0.44664000000000037
0.44664000000000037
0.44664000000000037
0.44664000000000037
0.44664000000000037
0.44664000000000037
0.44664000000000037
0.44664000000000037
0.44664000000000037
0.44664000000000037
0.44664000000000037
0.44664000000000037
0.44664000000000037
0.4466879999999982
0.4466879999999982
0.4466879999999982
0.4466879999999982
0.4466879999999982
0.4466879999999982
0.4466879999999982
0.4466879999999982
0.4466879999999982
0.4466879999999982
0.4466879999999982
0.4466879999999982
0.4466879999999982
0.4466879999999982
0.4466879999999982
0.4466879999999982
0.4466879999999982
0.4466879999999982
0.4466879999999982
0.4466879999999982
0.4466879999999982
0.4466879999999982
0.4466879999999982
0.4466879999999982
0.4466879999999982
0.446688
0.446688
0.446688
0.446688
0.446688
0.446688
0.446688
0.446688
0.446688
0.446688
0.446688
0.44668800000000175
0.44668800000000175
0.44668800000000175
0.44668800000000175
0.44668800000000175
0.44668800000000175
0.44668800000000175
0.44668800000000175
0.44668800000000175
0.44668800000000175
0.44668800000000175
0.44668800000000175
0.44668800000000175
0.44668800000000175
0.44668800000000175
0.44668800000000175
0.44668800000000175
0.44668800000000175
0.44668800000000175
0.44668800000000175
0.44668800000000175
0.44668800000000175
0.44668800000000175
0.44668800000000175
0.44668800000000175
0.44668800000000175
0.44668800000000175
0.44668800000000175
0.44668800000000175
0.44668800000000175
0.44668800000000175
0.44668800000000175
0.44668800000000175
0.4755199999999995
0.4755199999999995
0.4755839999999978
0.4755839999999978
0.4755839999999978
0.47558399999999956
0.47558399999999956
0.47558400000000134
0.47558400000000134
0.47558400000000134
0.48863733399999987
0.4966399999999993
0.4966399999999993
0.4966400000000002
0.4966400000000002
0.4966400000000002
0.4966879999999989
0.4966879999999989
0.4966879999999989
0.4966879999999989
0.4966880000000007
0.4985813339999998
0.49863733399999965
0.49863733400000143
0.49863733400000143
0.5038960059999997
0.5038960059999997
0.50664
0.50664
0.50664
0.50664
0.50664
0.50664
0.50664
0.50664
0.50664
0.5066400000000009
0.5066879999999969
0.5066879999999969
0.5066879999999987
0.5066879999999987
0.5066879999999987
0.5066880000000005
0.5066880000000005
0.5066880000000005
0.5066880000000005
0.5066880000000005
0.5066880000000005
0.5066880000000005
0.5066880000000005
0.5066880000000005
0.5066880000000005
0.5066880000000005
0.5066880000000005
0.5066880000000005
0.5066880000000005
0.5066880000000005
0.5066880000000005
0.5066880000000005
0.5066880000000005
0.5066880000000005
0.5066880000000005
0.5066880000000005
0.5066880000000005
0.5066880000000005
0.5066880000000005
0.5066880000000005
0.5066880000000005
0.5066880000000005
0.5066880000000005
0.5066880000000005
0.5066880000000005
0.5066880000000005
0.5066880000000005
0.5255839999999985
0.5255839999999985
0.5255840000000003
0.5286213390000007
0.53552
0.5355840000000001
0.5355840000000001
0.5355840000000001
0.5355840000000001
0.5355840000000001
0.5355840000000001
0.5355840000000001
0.5355840000000001
0.5355840000000001
0.5355840000000001
0.5355840000000001
0.5355840000000001
0.5355840000000001
0.5355840000000001
0.5355840000000001
0.5355840000000001
0.5355840000000001
0.5355840000000001
0.5355840000000001
0.5385813329999998
0.5466399999999991
0.54664
0.54664
0.54664
0.54664
0.54664
0.54664
0.54664
0.54664
0.54664
0.54664
0.54664
0.54664
0.54664
0.54664
0.54664
0.54664
0.54664
0.54664
0.54664
0.54664
0.54664
0.54664
0.54664
0.54664
0.54664
0.54664
0.54664
0.54664
0.54664
0.54664
0.54664
0.54664
0.54664
0.54664
0.54664
0.54664
0.54664
0.54664
0.54664
0.54664
0.54664
0.54664
0.54664
0.54664
0.54664
0.54664
0.54664
0.54664
0.54664
0.54664
0.54664
0.54664
0.54664
0.54664
0.54664
0.54664
0.54664
0.54664
0.54664
0.54664
0.54664
0.54664
0.54664
0.54664
0.54664
0.54664
0.54664
0.54664
0.54664
0.54664
0.54664
0.54664
0.54664
0.5466400000000009
0.5466400000000009
0.5466879999999996
0.5466879999999996
0.5466879999999996
0.5466879999999996
0.5466879999999996
0.5466879999999996
0.5466879999999996
0.5466879999999996
0.5466879999999996
0.5466879999999996
0.5466879999999996
0.5466879999999996
0.5466879999999996
0.5466879999999996
0.5466879999999996
0.5466879999999996
0.5466879999999996
0.5466879999999996
0.5466879999999996
0.5466879999999996
0.5466879999999996
0.5466879999999996
0.5466879999999996
0.5466879999999996
0.5466879999999996
0.5466879999999996
0.5466879999999996
0.5466879999999996
0.5466879999999996
0.5466879999999996
0.5466879999999996
0.5466879999999996
0.5466879999999996
0.5466879999999996
0.5466879999999996
0.5466879999999996
0.5466879999999996
0.5466879999999996
0.5466879999999996
0.5466879999999996
0.5466879999999996
0.5466879999999996
0.5466879999999996
0.5466879999999996
0.5466879999999996
0.5466879999999996
0.5466879999999996
0.5466879999999996
0.5466879999999996
0.5466879999999996
0.5466879999999996
0.5466879999999996
0.5466879999999996
0.5466879999999996
0.5466879999999996
0.5466879999999996
0.5466879999999996
0.5466879999999996
0.5466879999999996
0.5466879999999996
0.5466879999999996
0.5466879999999996
0.5466879999999996
0.5466879999999996
0.5466879999999996
0.5466879999999996
0.5466879999999996
0.5466879999999996
0.5466879999999996
0.5466879999999996
0.5466879999999996
0.5466879999999996
0.5466879999999996
0.5466879999999996
0.5466879999999996
0.5466879999999996
0.5466879999999996
0.5466879999999996
0.5466879999999996
0.5466879999999996
0.5466879999999996
0.5466879999999996
0.5466879999999996
0.5466879999999996
0.5466879999999996
0.5466879999999996
0.5466879999999996
0.5466879999999996
0.5466879999999996
0.5466879999999996
0.5466879999999996
0.5466879999999996
0.5466879999999996
0.5466879999999996
0.5466879999999996
0.5466879999999996
0.5466879999999996
0.5466879999999996
0.5466879999999996
0.5466879999999996
0.5466879999999996
0.5466879999999996
0.5466879999999996
0.5466879999999996
0.5466879999999996
0.5466879999999996
0.5466879999999996
0.5466879999999996
0.5466879999999996
0.5466879999999996
0.5466879999999996
0.5466879999999996
0.5466879999999996
0.5466879999999996
0.5466879999999996
0.5466879999999996
0.5466879999999996
0.5466879999999996
0.5466879999999996
0.5466879999999996
0.5466879999999996
0.5466879999999996
0.5466879999999996
0.5466879999999996
0.5466879999999996
0.5466879999999996
0.5466879999999996
0.5466879999999996
0.5466879999999996
0.5466879999999996
0.5466879999999996
0.5466879999999996
0.5466879999999996
0.5466879999999996
0.5466879999999996
0.5466879999999996
0.5466879999999996
0.5466879999999996
0.5466879999999996
0.5466879999999996
0.5466879999999996
0.5466879999999996
0.5466879999999996
0.5466879999999996
0.5466879999999996
0.5466879999999996
0.5466879999999996
0.5466879999999996
0.5466879999999996
0.5466879999999996
0.5466879999999996
0.5466879999999996
0.5466879999999996
0.5466879999999996
0.5466879999999996
0.5466879999999996
0.5466879999999996
0.5466879999999996
0.5466879999999996
0.5466879999999996
0.5466879999999996
0.5466879999999996
0.5466879999999996
0.5466879999999996
0.5466879999999996
0.5466879999999996
0.5466879999999996
0.5466879999999996
0.5466879999999996
0.5466879999999996
0.5466879999999996
0.5466879999999996
0.5466879999999996
0.5466879999999996
0.5466879999999996
0.5466879999999996
0.5466879999999996
0.5466879999999996
0.5466879999999996
0.5466879999999996
0.5466879999999996
0.5466879999999996
0.5466879999999996
0.5466879999999996
0.5466879999999996
0.5466879999999996
0.5466879999999996
0.5466879999999996
0.5466879999999996
0.5466879999999996
0.5466879999999996
0.5466879999999996
0.5466879999999996
0.5466879999999996
0.5466879999999996
0.5466879999999996
0.5466879999999996
0.5466879999999996
0.5466879999999996
0.5466879999999996
0.5466879999999996
0.5466879999999996
0.5466879999999996
0.5466879999999996
0.5466879999999996
0.5466879999999996
0.5466879999999996
0.5466879999999996
0.5466879999999996
0.5466879999999996
0.5466879999999996
0.5466879999999996
0.5466879999999996
0.5466879999999996
0.5466879999999996
0.5466879999999996
0.5466879999999996
0.5466879999999996
0.5466879999999996
0.5466879999999996
0.5466879999999996
0.5466879999999996
0.5466879999999996
0.5466879999999996
0.5466879999999996
0.5466879999999996
0.5466879999999996
0.5466879999999996
0.5466879999999996
0.5466879999999996
0.5466879999999996
0.5466879999999996
0.5466879999999996
0.5466879999999996
0.5466879999999996
0.5466879999999996
0.5466879999999996
0.5466879999999996
0.5466879999999996
0.5466879999999996
0.5466879999999996
0.5466879999999996
0.5466879999999996
0.5466879999999996
0.5466879999999996
0.5466879999999996
0.5466879999999996
0.5466879999999996
0.5466880000000014
0.5466880000000014
0.5466880000000014
0.5466880000000014
0.5466880000000014
0.5466880000000014
0.5466880000000014
0.5466880000000014
0.5466880000000014
0.5466880000000014
0.5466880000000014
0.5466880000000014
0.5466880000000014
0.5466880000000014
0.5466880000000014
0.5466880000000014
0.5466880000000014
0.5466880000000014
0.5466880000000032
0.5466880000000032
0.5466880000000032
0.5466880000000032
0.5466880000000032
0.5466880000000032
0.5466880000000032
0.5466880000000032
0.5466880000000032
0.5466880000000032
0.5466880000000032
0.5466880000000032
0.5466880000000032
0.5466880000000032
0.5466880000000032
0.5466880000000032
0.5466880000000032
0.5466880000000032
0.5466880000000032
0.5466880000000032
0.5466880000000032
0.5466880000000032
0.5466880000000032
0.5466880000000032
0.5466880000000032
0.5466880000000032
0.5466880000000032
0.5466880000000032
0.5466880000000032
0.5466880000000032
0.5466880000000032
0.5466880000000032
0.5466880000000032
0.5466880000000032
0.5466880000000032
0.5466880000000032
0.5466880000000032
0.5485813329999996
0.5485813330000004
0.5486373329999985
0.5486373329999985
0.5486373329999985
0.5486373329999985
0.5486373329999985
0.5486373329999985
0.5486373329999985
0.5486373330000003
0.5486373330000003
0.5486373330000003
0.5486373330000003
0.5486373330000003
0.5486373330000021
0.5486373330000021
0.5507626719999994
0.550834671999997
0.5508346719999988
0.5508346720000006
0.5508346720000006
0.5508346720000006
0.5508346720000006
0.5508346720000006
0.5508346720000006
0.5552880039999977
0.5552880049999995
0.5552880050000013
0.5552880050000013
0.5566399999999998
0.5566399999999998
0.5566399999999998
0.5566399999999998
0.5566399999999998
0.5566399999999998
0.5566399999999998
0.5566399999999998
0.5566399999999998
0.5566399999999998
0.5566399999999998
0.5566399999999998
0.5566399999999998
0.5566399999999998
0.5566399999999998
0.5566399999999998
0.5566399999999998
0.5566399999999998
0.5566399999999998
0.5566399999999998
0.5566399999999998
0.5566399999999998
0.5566399999999998
0.5566399999999998
0.5566399999999998
0.5566399999999998
0.5566399999999998
0.5566399999999998
0.5566399999999998
0.5566399999999998
0.5566399999999998
0.5566399999999998
0.5566399999999998
0.5566399999999998
0.5566399999999998
0.5566399999999998
0.5566399999999998
0.5566399999999998
0.5566399999999998
0.5566399999999998
0.5566399999999998
0.5566399999999998
0.5566399999999998
0.5566399999999998
0.5566399999999998
0.5566399999999998
0.5566399999999998
0.5566399999999998
0.5566399999999998
0.5566399999999998
0.5566399999999998
0.5566399999999998
0.5566399999999998
0.5566399999999998
0.5566399999999998
0.5566399999999998
0.5566399999999998
0.5566399999999998
0.5566399999999998
0.5566399999999998
0.5566399999999998
0.5566400000000007
0.5566400000000007
0.5566400000000007
0.5566400000000007
0.5566400000000007
0.5566400000000007
0.5566400000000016
0.5566400000000016
0.5566400000000016
0.5566400000000016
0.5566400000000016
0.5566400000000016
0.5566400000000016
0.5566400000000016
0.5566400000000016
0.5566400000000016
0.5566879999999976
0.5566879999999976
0.5566879999999976
0.5566879999999976
0.5566879999999976
0.5566879999999976
0.5566879999999976
0.5566879999999976
0.5566879999999976
0.5566879999999976
0.5566879999999976
0.5566879999999976
0.5566879999999976
0.5566879999999976
0.5566879999999976
0.5566879999999976
0.5566879999999976
0.5566879999999976
0.5566879999999976
0.5566879999999976
0.5566879999999976
0.5566879999999976
0.5566879999999976
0.5566879999999976
0.5566879999999976
0.5566879999999976
0.5566879999999976
0.5566879999999976
0.5566879999999976
0.5566879999999976
0.5566879999999976
0.5566879999999976
0.5566879999999976
0.5566879999999976
0.5566879999999976
0.5566879999999976
0.5566879999999976
0.5566879999999976
0.5566879999999976
0.5566879999999976
0.5566879999999976
0.5566879999999976
0.5566879999999976
0.5566879999999976
0.5566879999999976
0.5566879999999976
0.5566879999999976
0.5566879999999976
0.5566879999999976
0.5566879999999976
0.5566879999999976
0.5566879999999976
0.5566879999999976
0.5566879999999976
0.5566879999999976
0.5566879999999976
0.5566879999999976
0.5566879999999976
0.5566879999999976
0.5566879999999976
0.5566879999999976
0.5566879999999976
0.5566879999999976
0.5566879999999976
0.5566879999999976
0.5566879999999976
0.5566879999999976
0.5566879999999976
0.5566879999999976
0.5566879999999976
0.5566879999999976
0.5566879999999976
0.5566879999999976
0.5566879999999976
0.5566879999999976
0.5566879999999976
0.5566879999999976
0.5566879999999976
0.5566879999999976
0.5566879999999976
0.5566879999999976
0.5566879999999976
0.5566879999999976
0.5566879999999976
0.5566879999999976
0.5566879999999976
0.5566879999999976
0.5566879999999976
0.5566879999999976
0.5566879999999976
0.5566879999999976
0.5566879999999994
0.5566879999999994
0.5566879999999994
0.5566879999999994
0.5566879999999994
0.5566879999999994
0.5566879999999994
0.5566879999999994
0.5566879999999994
0.5566879999999994
0.5566879999999994
0.5566879999999994
0.5566879999999994
0.5566879999999994
0.5566879999999994
0.5566879999999994
0.5566879999999994
0.5566879999999994
0.5566879999999994
0.5566879999999994
0.5566879999999994
0.5566879999999994
0.5566879999999994
0.5566879999999994
0.5566879999999994
0.5566879999999994
0.5566879999999994
0.5566879999999994
0.5566879999999994
0.5566879999999994
0.5566879999999994
0.5566879999999994
0.5566879999999994
0.5566879999999994
0.5566879999999994
0.5566879999999994
0.5566879999999994
0.5566879999999994
0.5566879999999994
0.5566880000000012
0.5566880000000012
0.5566880000000012
0.5566880000000012
0.5566880000000012
0.5566880000000012
0.5566880000000012
0.5566880000000012
0.5566880000000012
0.5566880000000012
0.5566880000000012
0.5566880000000012
0.5566880000000012
0.5566880000000012
0.5566880000000012
0.5566880000000012
0.5566880000000012
0.5566880000000012
0.5566880000000012
0.5566880000000012
0.5566880000000012
0.5566880000000012
0.5566880000000012
0.5566880000000012
0.5566880000000012
0.5566880000000012
0.5566880000000012
0.5566880000000012
0.5566880000000012
0.5566880000000012
0.5566880000000012
0.5566880000000012
0.5566880000000012
0.5566880000000012
0.5566880000000012
0.5566880000000012
0.5566880000000012
0.5566880000000012
0.5566880000000012
0.5566880000000012
0.5566880000000012
0.5566880000000012
0.5566880000000012
0.5566880000000012
0.5566880000000012
0.5566880000000012
0.5566880000000012
0.5566880000000012
0.5566880000000012
0.5566880000000012
0.5566880000000012
0.5566880000000012
0.5566880000000012
0.5566880000000012
0.5566880000000012
0.5566880000000012
0.5566880000000012
0.5566880000000012
0.5566880000000012
0.5566880000000012
0.5566880000000012
0.5566880000000012
0.5566880000000012
0.5566880000000012
0.5566880000000012
0.5566880000000012
0.5566880000000012
0.5566880000000012
0.5566880000000012
0.5566880000000012
0.5566880000000012
0.5566880000000012
0.5566880000000012
0.5566880000000012
0.5566880000000012
0.5566880000000012
0.5566880000000012
0.5566880000000012
0.5566880000000012
0.5566880000000012
0.5566880000000012
0.5566880000000012
0.5566880000000012
0.5566880000000012
0.5566880000000012
0.5566880000000012
0.5566880000000012
0.5566880000000012
0.5566880000000012
0.5566880000000012
0.5566880000000012
0.5566880000000012
0.5566880000000012
0.5566880000000012
0.5566880000000012
0.5566880000000012
0.5566880000000012
0.5566880000000012
0.5566880000000012
0.5566880000000012
0.5566880000000012
0.5566880000000012
0.5566880000000012
0.5566880000000012
0.5566880000000012
0.5566880000000012
0.5566880000000012
0.5566880000000012
0.5566880000000012
0.5566880000000012
0.5566880000000012
0.5566880000000012
0.5566880000000012
0.5566880000000012
0.5566880000000012
0.5566880000000012
0.5566880000000012
0.5566880000000012
0.5566880000000012
0.5566880000000012
0.5566880000000012
0.5566880000000012
0.5566880000000012
0.5566880000000012
0.5566880000000012
0.5566880000000012
0.5566880000000012
0.5566880000000012
0.5566880000000012
0.5566880000000012
0.5566880000000012
0.5566880000000012
0.5566880000000012
0.5566880000000012
0.5566880000000012
0.5566880000000012
0.5566880000000012
0.5566880000000012
0.5566880000000012
0.5566880000000012
0.5566880000000012
0.5566880000000012
0.5566880000000012
0.5566880000000012
0.5566880000000012
0.5566880000000012
0.5566880000000012
0.5566880000000012
0.5566880000000012
0.5566880000000012
0.5566880000000012
0.5566880000000012
0.5566880000000012
0.5566880000000012
0.5566880000000012
0.5566880000000012
0.557181333
0.5572453330000009
0.5594746669999999
0.5594746669999999
0.5619466719999995
0.5619466719999995
0.5619466719999995
0.5619466719999995
0.5619466719999995
0.5619466720000013
0.5619466720000013
0.5619466720000013
0.5619466720000013
0.5638880039999989
0.563888004999999
0.563888004999999
0.5755199999999991
0.57552
0.57552
0.57552
0.5755200000000009
0.5755839999999992
0.5755839999999992
0.5755839999999992
0.5755839999999992
0.5755839999999992
0.5755839999999992
0.5755839999999992
0.5755839999999992
0.5755839999999992
0.5755839999999992
0.5755839999999992
0.5755839999999992
0.5755839999999992
0.5755839999999992
0.5755839999999992
0.5755839999999992
0.5755839999999992
0.5755839999999992
0.5755839999999992
0.5755839999999992
0.5755839999999992
0.5755839999999992
0.5755839999999992
0.5755839999999992
0.5755839999999992
0.5755839999999992
0.5755839999999992
0.5755839999999992
0.5755839999999992
0.5755839999999992
0.575584000000001
0.575584000000001
0.575584000000001
0.575584000000001
0.575584000000001
0.575584000000001
0.575584000000001
0.5755840000000028
0.5755840000000028
0.5755840000000028
0.5755840000000028
0.5755840000000028
0.5755840000000028
0.5755840000000028
0.5755840000000028
0.5755840000000028
0.5755840000000028
0.5775333329999981
0.5775333330000016
0.5819146660000003
0.5819706660000001
0.5819706660000001
0.5855199999999989
0.5855839999999972
0.5855839999999972
0.5855839999999972
0.5855840000000008
0.5855840000000008
0.5855840000000008
0.5855840000000008
0.5855840000000008
0.5855840000000008
0.5855840000000008
0.5855840000000008
0.5855840000000008
0.5855840000000008
0.5855840000000008
0.5855840000000008
0.5866159999999994
0.5866159999999994
0.5866159999999994
0.5866159999999994
0.5866159999999994
0.5866159999999994
0.5866159999999994
0.5866159999999994
0.5866159999999994
0.5866160000000002
0.5866160000000011
0.5866160000000011
0.5866160000000029
0.586663999999999
0.586663999999999
0.586663999999999
0.586663999999999
0.586663999999999
0.586663999999999
0.586663999999999
0.586663999999999
0.586663999999999
0.586663999999999
0.586663999999999
0.586663999999999
0.586663999999999
0.586663999999999
0.586663999999999
0.586663999999999
0.5866640000000007
0.5866640000000007
0.5866640000000007
0.5866640000000007
0.5866640000000007
0.5866640000000025
0.5866640000000025
0.5866640000000025
0.5866640000000025
0.5866640000000025
0.5866640000000025
0.5866640000000025
0.5866640000000025
0.5866640000000025
0.5885573380000002
0.588605335999997
0.5886053360000005
0.5886053360000005
0.5886133379999983
0.5886133379999983
0.5886133379999983
0.5886133379999983
0.588613338
0.588613338
0.5886133380000018
0.5886373329999977
0.5886373329999977
0.5886373329999977
0.5886373329999977
0.5886373329999994
0.5886373329999994
0.5886373329999994
0.5886373329999994
0.5886373329999994
0.5886373329999994
0.5886373330000012
0.5886373330000012
0.5886373330000012
0.5886373330000012
0.5886373330000012
0.5886373330000012
0.5886373330000012
0.5886373330000012
0.5886373330000012
0.5886373330000012
0.5927680009999996
0.5941600020000006
0.5941600029999989
0.5966879999999968
0.5966880000000003
0.5966880000000003
0.5966880000000003
0.5966880000000003
0.5966880000000003
0.5966880000000003
0.5966880000000003
0.5966880000000003
0.5966880000000003
0.6466159999999999
0.6466159999999999
0.6466639999999977
0.6466639999999977
0.6466639999999977
0.6466639999999977
0.6466639999999977
0.6466639999999977
0.6466639999999995
0.6466639999999995
0.6466640000000012
0.6466640000000012
0.6466640000000012
0.6466640000000012
0.6466640000000012
0.647213335
0.6485493350000002
0.6486053349999992
0.648605335000001
0.6508266679999988
0.6527680020000002
0.652768002000002
0.6754879999999979
0.6754879999999996
0.6754879999999996
0.6754879999999996
0.6754879999999996
0.6754879999999996
0.6754880000000014
0.6754880000000014
0.6754880000000014
0.6754880000000014
0.6755519999999997
0.6755519999999997
0.6755519999999997
0.6755519999999997
0.6755519999999997
0.6755519999999997
0.6755519999999997
0.6755519999999997
0.6755519999999997
0.6755519999999997
0.6755519999999997
0.6755519999999997
0.6755519999999997
0.6755519999999997
0.6755520000000033
0.6755520000000033
0.6805466679999999
0.6805466680000016
0.6819386679999973
0.6866159999999972
0.6866159999999972
0.6866159999999972
0.686615999999999
0.686615999999999
0.686615999999999
0.686615999999999
0.686615999999999
0.6866159999999999
0.6866159999999999
0.6866159999999999
0.6866160000000008
0.6866160000000008
0.6866160000000008
0.6866160000000008
0.6866160000000008
0.6866160000000008
0.6866160000000008
0.6866160000000008
0.6866160000000008
0.6866160000000008
0.6866160000000008
0.6866160000000008
0.6866160000000008
0.6866160000000008
0.6866160000000008
0.6866160000000008
0.6866160000000008
0.6866160000000008
0.6866160000000008
0.6866160000000008
0.6866160000000008
0.6866160000000008
0.6866160000000008
0.6866160000000008
0.6866160000000008
0.6866639999999968
0.6866639999999968
0.6866639999999968
0.6866640000000004
0.6866640000000004
0.6866640000000004
0.6866640000000004
0.6866640000000004
0.6866640000000004
0.6866640000000004
0.6866640000000004
0.6886053350000019
0.6886053350000019
0.6941199999999981
0.6941199999999981
0.6941199999999998
0.6941199999999998
0.6941199999999998
0.6941199999999998
0.6941200000000016
0.6941200000000016
0.6941200000000016
0.6941919999999975
0.694192000000001
0.6966640000000002
0.7254879999999995
0.7466159999999995
0.7466159999999995
0.7466159999999995
0.7466159999999995
0.7466159999999995
0.7466159999999995
0.7466159999999995
0.7466159999999995
0.7466159999999995
0.7466159999999995
0.7466159999999995
0.7466159999999995
0.7466159999999995
0.7466159999999995
0.7466159999999995
0.7466159999999995
0.7466159999999995
0.7466159999999995
0.7466159999999995
0.7466159999999995
0.7466159999999995
0.7466159999999995
0.7466160000000004
0.7466160000000004
0.7466160000000013
0.7466160000000013
0.746616000000003
0.746616000000003
0.746616000000003
0.7466639999999991
0.7466639999999991
0.7466639999999991
0.7466639999999991
0.7466639999999991
0.7466639999999991
0.7466639999999991
0.7466639999999991
0.7466639999999991
0.7466639999999991
0.7466639999999991
0.7466639999999991
0.7466639999999991
0.746664
0.746664
0.7466640000000009
0.7466640000000009
0.7466640000000027
0.7466640000000027
0.7488853340000006
0.7566159999999993
0.7566159999999993
0.7566160000000002
0.7566160000000002
0.7566639999999971
0.7566639999999971
0.7566639999999989
0.7566639999999998
0.7566639999999998
0.7566639999999998
0.7566639999999998
0.7566639999999998
0.7566640000000007
0.7566640000000007
0.7566640000000007
0.7566640000000007
0.7566640000000007
0.7566640000000007
0.7566640000000007
0.7566640000000007
0.7588853339999986
0.7588853340000004
0.7590959999999995
0.7590960000000004
0.7591599999999996
0.760826668
0.7754880000000002
0.7754880000000002
0.7754880000000002
0.7755519999999994
0.7755519999999994
0.7755519999999994
0.7755520000000002
0.7755520000000011
0.7755520000000011
0.7755520000000011
0.7755520000000011
0.7755520000000011
0.7755520000000011
0.7755520000000011
0.7774213339999996
0.777493333999999
0.777493333999999
0.777493333999999
0.7774933340000008
0.7774933340000008
0.7774933340000025
0.7802720000000001
0.7818826670000005
0.7819386669999986
0.7819386670000004
0.7819386670000021
0.7819386670000021
0.785488
0.785488
0.785488
0.7855519999999991
0.7855519999999991
0.7855519999999991
0.7855519999999991
0.7855519999999991
0.7855519999999991
0.7855519999999991
0.7855519999999991
0.7855519999999991
0.785552
0.7855520000000009
0.7855520000000027
0.7855520000000027
0.7886053319999995
0.7886053339999997
0.7966159999999993
0.7966159999999993
0.7966159999999993
0.7966160000000002
0.7966160000000002
0.7966160000000002
0.7966160000000002
0.7966160000000002
0.7966160000000002
0.7966160000000002
0.7966160000000002
0.7966160000000011
0.796663999999998
0.796663999999998
0.7966639999999998
0.7966639999999998
0.7966639999999998
0.7966639999999998
0.7966639999999998
0.7966639999999998
0.7966639999999998
0.7966639999999998
0.7966639999999998
0.7966639999999998
0.7966639999999998
0.7966639999999998
0.7966639999999998
0.7966639999999998
0.7966639999999998
0.7966639999999998
0.7966639999999998
0.7966639999999998
0.7966639999999998
0.7966639999999998
0.7966639999999998
0.7966639999999998
0.7966639999999998
0.7966639999999998
0.7966639999999998
0.7966639999999998
0.7966639999999998
0.7966639999999998
0.7966639999999998
0.7966639999999998
0.7966639999999998
0.7966639999999998
0.7966639999999998
0.7966639999999998
0.7966639999999998
0.7966639999999998
0.7966639999999998
0.7966639999999998
0.7966639999999998
0.7966639999999998
0.7966639999999998
0.7966639999999998
0.7966639999999998
0.7966639999999998
0.7966639999999998
0.7966639999999998
0.7966639999999998
0.7966639999999998
0.7966639999999998
0.7966639999999998
0.7966639999999998
0.7966639999999998
0.7966639999999998
0.7966639999999998
0.7966639999999998
0.7966639999999998
0.7966639999999998
0.7966639999999998
0.7966639999999998
0.7966639999999998
0.7966639999999998
0.7966639999999998
0.7966639999999998
0.7966639999999998
0.7966639999999998
0.7966639999999998
0.7966639999999998
0.7966639999999998
0.7966639999999998
0.7966639999999998
0.7966639999999998
0.7966639999999998
0.7966639999999998
0.7966639999999998
0.7966639999999998
0.7966639999999998
0.7966639999999998
0.7966639999999998
0.7966639999999998
0.7966639999999998
0.7966639999999998
0.7966639999999998
0.7966639999999998
0.7966639999999998
0.7966639999999998
0.7966639999999998
0.7966639999999998
0.7966639999999998
0.7966639999999998
0.7966639999999998
0.7966639999999998
0.7966639999999998
0.7966639999999998
0.7966639999999998
0.7966639999999998
0.7966639999999998
0.7966639999999998
0.7966639999999998
0.7966639999999998
0.7966639999999998
0.7966639999999998
0.7966640000000007
0.7966640000000007
0.7966640000000007
0.7966640000000016
0.7966640000000016
0.7966640000000016
0.7966640000000016
0.7966640000000016
0.7966640000000016
0.7966640000000016
0.7966640000000034
0.7966640000000034
0.7966640000000034
0.7986053329999976
0.7986053339999977
0.7986053340000012
0.7986053340000012
0.7988160000000004
0.7988800000000005
0.800826666999999
0.8066159999999991
0.806616
0.806616
0.806616
0.806616
0.806616
0.806616
0.806616
0.806616
0.806616
0.806616
0.806616
0.806616
0.8066160000000009
0.8066639999999978
0.8066639999999978
0.8066639999999978
0.8066639999999978
0.8066639999999978
0.8066639999999978
0.8066639999999978
0.8066639999999978
0.8066639999999978
0.8066639999999978
0.8066639999999978
0.8066639999999978
0.8066639999999978
0.8066639999999978
0.8066639999999978
0.8066639999999978
0.8066639999999978
0.8066639999999978
0.8066639999999978
0.8066639999999978
0.8066639999999978
0.8066639999999978
0.8066639999999978
0.8066639999999996
0.8066639999999996
0.8066639999999996
0.8066639999999996
0.8066639999999996
0.8066639999999996
0.8066639999999996
0.8066639999999996
0.8066639999999996
0.8066639999999996
0.8066639999999996
0.8066639999999996
0.8066639999999996
0.8066639999999996
0.8066639999999996
0.8066639999999996
0.8066639999999996
0.8066639999999996
0.8066639999999996
0.8066639999999996
0.8066639999999996
0.8066639999999996
0.8066639999999996
0.8066639999999996
0.8066639999999996
0.8066639999999996
0.8066639999999996
0.8066639999999996
0.8066639999999996
0.8066639999999996
0.8066639999999996
0.8066639999999996
0.8066639999999996
0.8066639999999996
0.8066639999999996
0.8066639999999996
0.8066639999999996
0.8066640000000005
0.8066640000000005
0.8066640000000014
0.8066640000000014
0.8066640000000014
0.8066640000000014
0.8066640000000014
0.8066640000000014
0.8066640000000014
0.8066640000000014
0.8066640000000014
0.8066640000000014
0.8066640000000014
0.8066640000000014
0.8066640000000014
0.8066640000000014
0.8066640000000014
0.8066640000000014
0.8066640000000014
0.8066640000000014
0.8066640000000014
0.8066640000000014
0.8066640000000014
0.8066640000000014
0.8066640000000014
0.8066640000000014
0.8066640000000014
0.8066640000000014
0.8066640000000014
0.8066640000000014
0.8066640000000014
0.8066640000000014
0.8066640000000014
0.8066640000000014
0.8066640000000014
0.8066640000000014
0.8066640000000014
0.8066640000000014
0.8066640000000014
0.8066640000000014
0.8066640000000014
0.8066640000000014
0.8066640000000014
0.8066640000000014
0.8072133340000001
0.8088853339999993
0.8091599999999994
0.8091600000000003
0.8091600000000003
0.8091600000000003
0.8108266670000006
0.8108266670000006
0.825488
0.825488
0.825488
0.825488
0.825488
0.825488
0.825488
0.825488
0.8254880000000009
0.8255519999999983
0.8255519999999983
0.8255519999999983
0.8255519999999983
0.8255519999999983
0.8255519999999983
0.8255519999999983
0.8255519999999983
0.8255519999999983
0.8255519999999983
0.8255519999999983
0.8255519999999983
0.8255519999999983
0.8255519999999983
0.8255519999999983
0.8255519999999983
0.8255519999999983
0.8255519999999983
0.8255519999999983
0.8255519999999983
0.8255519999999983
0.8255519999999983
0.8255519999999983
0.8255519999999983
0.8255519999999983
0.8255519999999992
0.8255520000000001
0.8255520000000001
0.8255520000000001
0.8255520000000001
0.8255520000000001
0.8255520000000001
0.8255520000000001
0.8255520000000001
0.8255520000000001
0.8255520000000001
0.8255520000000001
0.8255520000000001
0.8255520000000001
0.8255520000000001
0.8255520000000001
0.8255520000000001
0.8255520000000001
0.8255520000000001
0.8255520000000001
0.8255520000000001
0.8255520000000001
0.8255520000000001
0.8255520000000001
0.8255520000000001
0.8255520000000018
0.8255520000000018
0.8255520000000018
0.8255520000000018
0.8255520000000018
0.8255520000000018
0.8255520000000018
0.8255520000000018
0.8255520000000018
0.8255520000000018
0.8255520000000018
0.8255520000000018
0.8255520000000018
0.8255520000000018
0.8255520000000018
0.8255520000000018
0.8255520000000018
0.8255520000000018
0.8255520000000018
0.8255520000000018
0.8255520000000018
0.8255520000000018
0.8255520000000018
0.8255520000000018
0.8255520000000018
0.8255520000000018
0.8255520000000018
0.8274213330000002
0.8274213340000003
0.8274933329999996
0.8274933329999996
0.8274933339999997
0.8274933339999997
0.8274933339999997
0.8274933339999997
0.8274933339999997
0.8274933339999997
0.8274933339999997
0.8274933340000032
0.8285493310000005
0.8286053310000021
0.8302719999999999
0.8319386669999993
0.8319386669999993
0.8319386669999993
0.8319386669999993
0.8319386669999993
0.8319386669999993
0.8319386669999993
0.8319386669999993
0.8319386670000011
0.8319386670000029
0.8354879999999998
0.8354879999999998
0.8354879999999998
0.8354879999999998
0.8354880000000007
0.8354880000000007
0.8354880000000016
0.8355519999999981
0.8355519999999981
0.8355519999999999
0.8355519999999999
0.8355519999999999
0.8355519999999999
0.8355519999999999
0.8355519999999999
0.8355519999999999
0.8355519999999999
0.8355519999999999
0.8355519999999999
0.8355519999999999
0.8355519999999999
0.8355519999999999
0.8355519999999999
0.8355519999999999
0.8355519999999999
0.8355519999999999
0.8355519999999999
0.8355519999999999
0.8355519999999999
0.8355519999999999
0.8355519999999999
0.8355519999999999
0.8355519999999999
0.8355519999999999
0.8355519999999999
0.8355519999999999
0.8355519999999999
0.8355519999999999
0.8355519999999999
0.8355519999999999
0.8355519999999999
0.8355519999999999
0.8355519999999999
0.8355519999999999
0.8355519999999999
0.8355519999999999
0.8355519999999999
0.8355519999999999
0.8355519999999999
0.8355519999999999
0.8355519999999999
0.8355519999999999
0.8355519999999999
0.8355519999999999
0.8355519999999999
0.8355519999999999
0.8355519999999999
0.8355519999999999
0.8355519999999999
0.8355519999999999
0.8355519999999999
0.8355519999999999
0.8355519999999999
0.8355519999999999
0.8355519999999999
0.8355519999999999
0.8355519999999999
0.8355519999999999
0.8355519999999999
0.8355519999999999
0.8355519999999999
0.8355519999999999
0.8355519999999999
0.8355519999999999
0.8355519999999999
0.8355519999999999
0.8355519999999999
0.8355519999999999
0.8355519999999999
0.8355519999999999
0.8355519999999999
0.8355519999999999
0.8355519999999999
0.8355519999999999
0.8355519999999999
0.8355519999999999
0.8355519999999999
0.8355519999999999
0.8355519999999999
0.8355519999999999
0.8355519999999999
0.8355519999999999
0.8355520000000007
0.8355520000000007
0.8355520000000007
0.8355520000000016
0.8355520000000016
0.8355520000000034
0.8372133309999974
0.8385493329999996
0.8385493330000005
0.8385493330000005
0.8385493330000013
0.8386053329999967
0.8386053329999967
0.8386053329999967
0.8386053329999967
0.8386053329999967
0.8386053329999985
0.8386053330000003
0.8386053330000003
0.8386053330000003
0.8386053330000003
0.8386053330000003
0.8386053330000003
0.8386053330000003
0.8386053330000003
0.8386053330000003
0.8386053330000003
0.8386053330000003
0.8386053330000003
0.8386053330000003
0.8386053330000003
0.8386053330000003
0.8386053330000003
0.8386053330000003
0.8386053330000003
0.8386053330000003
0.8386053330000003
0.8386053330000003
0.8386053330000003
0.8386053330000003
0.8386053330000003
0.8386053330000003
0.8386053330000003
0.8386053330000003
0.8386053330000003
0.8386053330000021
0.8388800000000014
0.8466159999999991
0.8466159999999991
0.8466159999999991
0.8466159999999991
0.8466159999999991
0.8466159999999991
0.8466159999999991
0.8466159999999991
0.8466159999999991
0.8466159999999991
0.8466159999999991
0.8466159999999991
0.846616
0.846616
0.846616
0.846616
0.8466160000000009
0.8466160000000009
0.8466160000000009
0.846663999999997
0.846663999999997
0.846663999999997
0.846663999999997
0.846663999999997
0.846663999999997
0.846663999999997
0.846663999999997
0.846663999999997
0.8466639999999988
0.8466639999999988
0.8466639999999988
0.8466639999999988
0.8466639999999988
0.8466639999999988
0.8466639999999988
0.8466639999999988
0.8466639999999988
0.8466639999999988
0.8466639999999988
0.8466639999999988
0.8466639999999988
0.8466639999999988
0.8466639999999988
0.8466640000000005
0.8466640000000005
0.8466640000000005
0.8466640000000005
0.8466640000000005
0.8466640000000005
0.8466640000000005
0.8466640000000005
0.8466640000000005
0.8466640000000005
0.8466640000000005
0.8466640000000005
0.8466640000000005
0.8466640000000005
0.8466640000000005
0.8466640000000005
0.8466640000000005
0.8466640000000005
0.8466640000000005
0.8466640000000005
0.8466640000000005
0.8466640000000005
0.8466640000000005
0.8466640000000005
0.8466640000000005
0.8466640000000005
0.8466640000000005
0.8466640000000005
0.8466640000000005
0.8466640000000005
0.8466640000000005
0.8466640000000005
0.8466640000000005
0.8466640000000005
0.8466640000000005
0.8466640000000005
0.8466640000000005
0.8466640000000005
0.8466640000000005
0.8466640000000005
0.8466640000000005
0.8466640000000005
0.8466640000000005
0.8466640000000005
0.8466640000000005
0.8466640000000005
0.8466640000000005
0.8466640000000005
0.8466640000000005
0.8466640000000005
0.8466640000000005
0.8466640000000005
0.8466640000000005
0.8466640000000005
0.8466640000000005
0.8466640000000005
0.8466640000000005
0.8466640000000005
0.8466640000000005
0.8466640000000005
0.8466640000000005
0.8466640000000005
0.8466640000000005
0.8466640000000005
0.8466640000000005
0.8466640000000005
0.8466640000000005
0.8466640000000005
0.8466640000000005
0.8466640000000005
0.8466640000000005
0.8466640000000005
0.8466640000000005
0.8466640000000005
0.8466640000000005
0.8466640000000005
0.8466640000000005
0.8466640000000005
0.8466640000000005
0.8466640000000005
0.8466640000000005
0.8466640000000005
0.8466640000000005
0.8466640000000005
0.8466640000000005
0.8486053329999983
0.8486053329999983
0.8486053329999983
0.8486053330000001
0.8486053330000018
0.8486053330000018
0.8486053330000018
0.8488799999999994
0.8488799999999994
0.8488800000000012
0.8488800000000012
0.8508266649999996
0.8508266649999996
0.8508266669999998
0.8552719999999994
0.8566160000000007
0.8566160000000007
0.8566639999999985
0.8566639999999985
0.8566639999999985
0.8566639999999985
0.8566639999999985
0.8566639999999985
0.8566639999999985
0.8566639999999985
0.8566639999999985
0.8566639999999985
0.8566639999999985
0.8566639999999985
0.8566639999999985
0.8566639999999985
0.8566639999999985
0.8566639999999985
0.8566639999999985
0.8566639999999985
0.8566639999999985
0.8566640000000003
0.8566640000000003
0.8566640000000003
0.8566640000000003
0.8566640000000003
0.8566640000000003
0.8566640000000003
0.8566640000000003
0.8566640000000003
0.8566640000000003
0.8566640000000003
0.8566640000000003
0.8566640000000003
0.8566640000000003
0.8566640000000003
0.8566640000000003
0.8566640000000003
0.8566640000000003
0.8566640000000003
0.8566640000000003
0.8566640000000003
0.8566640000000003
0.8566640000000003
0.8566640000000003
0.8566640000000003
0.8566640000000003
0.8566640000000003
0.8566640000000003
0.8566640000000003
0.8566640000000003
0.8566640000000021
0.8566640000000021
0.8566640000000021
0.8566640000000021
0.8566640000000021
0.8566640000000021
0.8566640000000021
0.8566640000000021
0.8566640000000021
0.8566640000000021
0.8566640000000021
0.8566640000000021
0.8591599999999993
0.859160000000001
0.8619386640000002
0.8619386640000002
0.8619386640000002
0.8619386640000002
0.86388
0.86388
0.8754879999999989
0.8754879999999989
0.8754879999999989
0.8754879999999998
0.8754879999999998
0.8754879999999998
0.8754880000000007
0.8754880000000007
0.8754880000000007
0.8754880000000007
0.8754880000000007
0.8754880000000007
0.875551999999999
0.875551999999999
0.875551999999999
0.875551999999999
0.875551999999999
0.875551999999999
0.875551999999999
0.875551999999999
0.875551999999999
0.875551999999999
0.875551999999999
0.875551999999999
0.875551999999999
0.875551999999999
0.875551999999999
0.875551999999999
0.875551999999999
0.875551999999999
0.875551999999999
0.875551999999999
0.875551999999999
0.875551999999999
0.875551999999999
0.875551999999999
0.875551999999999
0.875551999999999
0.875551999999999
0.875551999999999
0.875551999999999
0.875551999999999
0.875551999999999
0.875551999999999
0.875551999999999
0.8755520000000008
0.8755520000000008
0.8755520000000008
0.8755520000000008
0.8755520000000008
0.8755520000000008
0.8755520000000008
0.8755520000000008
0.8755520000000008
0.8755520000000008
0.8755520000000008
0.8755520000000008
0.8755520000000026
0.8755520000000026
0.8755520000000026
0.8755520000000026
0.8755520000000026
0.8774213330000009
0.8774933329999968
0.8774933329999968
0.8774933330000003
0.8774933330000003
0.8774933330000003
0.8802719999999997
0.8819386659999999
0.8819386659999999
0.8819386659999999
0.8819386659999999
0.8854879999999987
0.8854879999999996
0.8854879999999996
0.885551999999997
0.8855519999999988
0.8855519999999988
0.8855519999999988
0.8855519999999988
0.8855519999999988
0.8855519999999988
0.8855519999999988
0.8855519999999988
0.8855519999999988
0.8855519999999988
0.8855519999999988
0.8855519999999988
0.8855519999999988
0.8855519999999988
0.8855519999999988
0.8855519999999988
0.8855520000000006
0.8855520000000006
0.8855520000000006
0.8855520000000006
0.8855520000000006
0.8855520000000006
0.8855520000000006
0.8855520000000006
0.8855520000000006
0.8855520000000006
0.8855520000000006
0.8855520000000006
0.8855520000000006
0.8855520000000006
0.8855520000000006
0.8855520000000006
0.8855520000000006
0.8855520000000006
0.8855520000000006
0.8855520000000006
0.8855520000000006
0.8855520000000006
0.8855520000000006
0.8855520000000006
0.8855520000000006
0.8855520000000006
0.8855520000000006
0.8855520000000006
0.8855520000000006
0.8855520000000006
0.8855520000000006
0.8855520000000006
0.8855520000000006
0.8855520000000006
0.8855520000000006
0.8866159999999992
0.8866160000000001
0.8866160000000001
0.8866160000000001
0.8866160000000001
0.8866160000000001
0.8866160000000001
0.8866160000000001
0.8866160000000001
0.8866160000000001
0.8866160000000001
0.8866160000000001
0.8866160000000001
0.8866160000000001
0.8866160000000001
0.8866160000000001
0.8866160000000001
0.8866160000000001
0.8866160000000001
0.8866160000000001
0.8866160000000001
0.8866160000000001
0.8866160000000001
0.8866160000000001
0.886616000000001
0.8866639999999979
0.8866639999999997
0.8866639999999997
0.8866639999999997
0.8866639999999997
0.8866639999999997
0.8866639999999997
0.8866639999999997
0.8866639999999997
0.8866639999999997
0.8866639999999997
0.8866639999999997
0.8866639999999997
0.8866639999999997
0.8866639999999997
0.8866639999999997
0.8866639999999997
0.8866639999999997
0.8866639999999997
0.8866639999999997
0.8866639999999997
0.8866639999999997
0.8866639999999997
0.8866639999999997
0.8866639999999997
0.8866639999999997
0.8866639999999997
0.8866639999999997
0.8866639999999997
0.8866639999999997
0.8866639999999997
0.8866639999999997
0.8866639999999997
0.8866639999999997
0.8866639999999997
0.8866639999999997
0.8866639999999997
0.8866639999999997
0.8866639999999997
0.8866639999999997
0.8866639999999997
0.8866639999999997
0.8866639999999997
0.8866639999999997
0.8866639999999997
0.8866639999999997
0.8866639999999997
0.8866639999999997
0.8866639999999997
0.8866639999999997
0.8866639999999997
0.8866639999999997
0.8866639999999997
0.8866639999999997
0.8866639999999997
0.8866639999999997
0.8866639999999997
0.8866639999999997
0.8866639999999997
0.8866639999999997
0.8866639999999997
0.8866639999999997
0.8866639999999997
0.8866639999999997
0.8866639999999997
0.8866639999999997
0.8866639999999997
0.8866639999999997
0.8866639999999997
0.8866639999999997
0.8866639999999997
0.8866639999999997
0.8866639999999997
0.8866639999999997
0.8866639999999997
0.8866639999999997
0.8866639999999997
0.8866639999999997
0.8866640000000006
0.8866640000000015
0.8866640000000015
0.8866640000000015
0.8886053329999992
0.8888800000000003
0.8902719999999995
0.8902719999999995
0.8902719999999995
0.8902719999999995
0.8927680000000002
0.8941200000000009
0.8941200000000009
0.894184000000001
0.8941920000000003
0.8941920000000003
0.8941920000000003
0.8941920000000003
0.8941920000000003
0.8941920000000003
0.8941920000000003
0.8966639999999977
0.8966639999999977
0.8966639999999977
0.8966639999999977
0.8966639999999977
0.8966639999999977
0.8966639999999977
0.8966639999999977
0.8966639999999995
0.8966639999999995
0.8966639999999995
0.8966639999999995
0.8966639999999995
0.8966639999999995
0.8966639999999995
0.8966639999999995
0.8966639999999995
0.8966639999999995
0.8966639999999995
0.8966639999999995
0.8966639999999995
0.8966639999999995
0.8966639999999995
0.8966639999999995
0.8966639999999995
0.8966639999999995
0.8966639999999995
0.8966639999999995
0.8966640000000012
0.8966640000000012
0.8966640000000012
0.8966640000000012
0.8966640000000012
0.8966640000000012
0.8966640000000012
0.8966640000000012
0.8966640000000012
0.8966640000000012
0.8966640000000012
0.8966640000000012
0.8966640000000012
0.8988799999999983
0.8988800000000001
0.8988800000000001
0.8988800000000001
0.8988800000000001
0.8988800000000001
0.9027679999999982
0.9052720000000001
0.9052720000000001
0.9052720000000001
0.9052720000000001
0.9052720000000001
0.9052720000000001
0.9056239999999995
0.9066639999999992
0.9066639999999992
0.9066639999999992
0.9066639999999992
0.9066639999999992
0.9066639999999992
0.9066639999999992
0.9066639999999992
0.9066639999999992
0.9066639999999992
0.9066639999999992
0.9066639999999992
0.9066639999999992
0.9066639999999992
0.9066639999999992
0.9066639999999992
0.9066639999999992
0.9066639999999992
0.9066639999999992
0.9066639999999992
0.9066639999999992
0.9066639999999992
0.9066639999999992
0.9066639999999992
0.9066639999999992
0.9066639999999992
0.9066639999999992
0.9066639999999992
0.9066639999999992
0.9066639999999992
0.9066639999999992
0.9066639999999992
0.9066639999999992
0.9066639999999992
0.9066639999999992
0.9066639999999992
0.9066639999999992
0.9066639999999992
0.9066639999999992
0.9066639999999992
0.906664000000001
0.906664000000001
0.906664000000001
0.906664000000001
0.906664000000001
0.906664000000001
0.906664000000001
0.906664000000001
0.906664000000001
0.906664000000001
0.906664000000001
0.9066640000000028
0.9066640000000028
0.9066640000000028
0.9066640000000028
0.9066640000000028
0.9066640000000028
0.90916
0.90916
0.90916
0.90916
0.90916
0.9138799999999989
0.9224879999999978
0.9224880000000013
0.9255519999999979
0.9255519999999997
0.9255519999999997
0.9255519999999997
0.9255519999999997
0.9255519999999997
0.9255519999999997
0.9255519999999997
0.9255519999999997
0.9255519999999997
0.9255519999999997
0.9255519999999997
0.9255519999999997
0.9255519999999997
0.9255519999999997
0.9255520000000015
0.9255520000000015
0.9255520000000015
0.9255520000000015
0.9302719999999987
0.9302719999999987
0.9302720000000022
0.9355519999999977
0.9355519999999977
0.9355519999999977
0.9355519999999977
0.9355519999999977
0.9355519999999977
0.9355519999999977
0.9355519999999977
0.9355519999999977
0.9355519999999995
0.9355519999999995
0.9355519999999995
0.9355520000000013
0.9355520000000013
0.9355520000000013
0.9355520000000013
0.9355520000000013
0.9355520000000013
0.9355520000000013
0.9355520000000013
0.9355520000000013
0.9355520000000013
0.9355520000000013
0.9355520000000013
0.9355520000000013
0.9355520000000013
0.9355520000000013
0.9355520000000013
0.9355520000000013
0.9355520000000013
0.9355520000000013
0.938880000000001
0.9392320000000005
0.9402720000000002
0.9427680000000009
0.9466159999999988
0.9466159999999988
0.9466159999999997
0.9466159999999997
0.9466160000000006
0.9466639999999984
0.9466639999999984
0.9466639999999984
0.9466639999999984
0.9466639999999984
0.9466639999999984
0.9466639999999984
0.9466639999999984
0.9466639999999984
0.9466639999999984
0.9466639999999984
0.9466639999999984
0.9466639999999984
0.9466639999999984
0.9466639999999984
0.9466639999999984
0.9466639999999984
0.9466639999999984
0.9466639999999984
0.9466639999999984
0.9466639999999984
0.9466639999999984
0.9466639999999984
0.9466639999999984
0.9466639999999984
0.9466639999999984
0.9466639999999984
0.9466639999999984
0.9466639999999984
0.9466639999999984
0.9466639999999984
0.9466639999999984
0.9466639999999984
0.9466639999999984
0.9466639999999984
0.9466639999999984
0.9466639999999984
0.9466639999999984
0.9466639999999984
0.9466639999999984
0.9466639999999984
0.9466639999999984
0.9466639999999984
0.9466639999999984
0.9466639999999984
0.9466639999999984
0.9466639999999984
0.9466639999999984
0.9466639999999984
0.9466639999999984
0.9466639999999984
0.9466639999999984
0.9466639999999984
0.9466639999999984
0.9466639999999984
0.9466639999999984
0.9466639999999984
0.9466639999999984
0.9466639999999984
0.9466639999999984
0.9466639999999984
0.9466639999999984
0.9466639999999993
0.9466640000000002
0.9466640000000002
0.9466640000000002
0.9466640000000002
0.9466640000000002
0.9466640000000002
0.9466640000000002
0.9466640000000002
0.9466640000000002
0.9466640000000002
0.9466640000000002
0.9466640000000002
0.9466640000000002
0.9466640000000002
0.9466640000000002
0.9466640000000002
0.9466640000000002
0.9466640000000002
0.9466640000000002
0.9466640000000002
0.9466640000000002
0.9466640000000002
0.9466640000000002
0.9466640000000002
0.9466640000000002
0.9466640000000002
0.9466640000000002
0.9466640000000002
0.9466640000000002
0.9466640000000011
0.946664000000002
0.946664000000002
0.946664000000002
0.946664000000002
0.946664000000002
0.946664000000002
0.946664000000002
0.946664000000002
0.946664000000002
0.946664000000002
0.946664000000002
0.946664000000002
0.946664000000002
0.946664000000002
0.946664000000002
0.946664000000002
0.946664000000002
0.946664000000002
0.946664000000002
0.946664000000002
0.946664000000002
0.946664000000002
0.946664000000002
0.946664000000002
0.946664000000002
0.946664000000002
0.946664000000002
0.946664000000002
0.946664000000002
0.946664000000002
0.946664000000002
0.946664000000002
0.946664000000002
0.946664000000002
0.946664000000002
0.946664000000002
0.946664000000002
0.946664000000002
0.946664000000002
0.946664000000002
0.946664000000002
0.9486293289999992
0.9488799999999991
0.9488799999999991
0.9488799999999991
0.9488799999999991
0.9488800000000008
0.9527680000000025
0.9552719999999972
0.9552719999999972
0.9552719999999972
0.955271999999999
0.955271999999999
0.9552720000000008
0.9552720000000008
0.9552720000000008
0.9552720000000008
0.9552720000000008
0.9552720000000008
0.9552720000000008
0.9560959999999987
0.9560960000000023
0.9566159999999995
0.9566639999999982
0.9566639999999991
0.956664
0.956664
0.956664
0.956664
0.956664
0.956664
0.956664
0.956664
0.956664
0.956664
0.956664
0.956664
0.956664
0.956664
0.956664
0.956664
0.956664
0.956664
0.956664
0.956664
0.956664
0.956664
0.956664
0.956664
0.956664
0.956664
0.956664
0.956664
0.956664
0.956664
0.956664
0.956664
0.956664
0.956664
0.956664
0.956664
0.956664
0.956664
0.956664
0.956664
0.956664
0.956664
0.956664
0.956664
0.956664
0.956664
0.956664
0.956664
0.956664
0.956664
0.956664
0.956664
0.956664
0.956664
0.956664
0.956664
0.956664
0.956664
0.956664
0.956664
0.956664
0.956664
0.956664
0.956664
0.956664
0.956664
0.956664
0.956664
0.956664
0.956664
0.956664
0.956664
0.956664
0.956664
0.956664
0.956664
0.956664
0.956664
0.956664
0.956664
0.956664
0.956664
0.956664
0.956664
0.956664
0.956664
0.956664
0.956664
0.956664
0.956664
0.956664
0.956664
0.956664
0.956664
0.956664
0.956664
0.956664
0.956664
0.9574879999999979
0.9574880000000006
0.9574880000000014
0.9591599999999971
0.9591600000000007
0.9591600000000007
0.9591600000000007
0.9591600000000007
0.9591600000000007
0.9591600000000007
0.9591600000000007
0.9591600000000007
0.9591600000000007
0.9591600000000007
0.9591600000000007
0.9591600000000007
0.9638799999999996
0.9755519999999969
0.9755519999999969
0.9755519999999969
0.9755519999999969
0.9755519999999969
0.9755519999999969
0.9755519999999969
0.9755519999999969
0.9755519999999969
0.9755519999999969
0.9755519999999986
0.9755519999999986
0.9755520000000004
0.9755520000000004
0.9755520000000004
0.9755520000000004
0.9755520000000004
0.9755520000000004
0.9755520000000004
0.9755520000000004
0.9755520000000004
0.9755520000000004
0.9755520000000004
0.9755520000000004
0.9755520000000004
0.9755520000000004
0.9755520000000004
0.9755520000000004
0.9755520000000004
0.9755520000000004
0.9755520000000004
0.9755520000000004
0.9755520000000004
0.9755520000000004
0.9755520000000004
0.9755520000000004
0.9755520000000004
0.9755520000000004
0.9755520000000004
0.9755520000000004
0.9755520000000004
0.9755520000000004
0.9775253289999988
0.9777679999999975
0.9802719999999994
0.9802719999999994
0.9802720000000011
0.9819626620000008
0.982488
0.982488
0.9841599999999993
0.9855519999999984
0.9855519999999984
0.9855519999999984
0.9855519999999984
0.9855519999999984
0.9855519999999984
0.9855519999999984
0.9855519999999984
0.9855519999999984
0.9855519999999984
0.9855519999999984
0.9855519999999984
0.9855519999999984
0.9855519999999984
0.9855519999999984
0.9855519999999984
0.9855519999999984
0.9855519999999984
0.9855519999999984
0.9855519999999984
0.9855519999999984
0.9855519999999984
0.9855519999999984
0.9855519999999984
0.9855519999999984
0.9855519999999984
0.985552000000002
0.985552000000002
0.985552000000002
0.985552000000002
0.985552000000002
0.985552000000002
0.985552000000002
0.985552000000002
0.985552000000002
0.985552000000002
0.985552000000002
0.985552000000002
0.985552000000002
0.985552000000002
0.985552000000002
0.985552000000002
0.985552000000002
0.985552000000002
0.985552000000002
0.985552000000002
0.9866159999999997
0.9866159999999997
0.9866159999999997
0.9866159999999997
0.9866159999999997
0.9866159999999997
0.9866159999999997
0.9866159999999997
0.9866160000000006
0.9866639999999975
0.9866639999999975
0.9866639999999975
0.9866639999999975
0.9866639999999975
0.9866639999999975
0.9866639999999975
0.9866639999999975
0.9866639999999975
0.9866639999999975
0.9866639999999975
0.9866639999999975
0.9866639999999975
0.9866639999999975
0.9866639999999975
0.9866639999999975
0.9866639999999975
0.9866639999999975
0.9866639999999975
0.9866639999999975
0.9866639999999975
0.9866639999999975
0.9866639999999975
0.9866639999999975
0.9866639999999975
0.9866639999999975
0.9866639999999975
0.9866639999999993
0.9866639999999993
0.9866639999999993
0.9866639999999993
0.9866639999999993
0.9866639999999993
0.9866639999999993
0.9866639999999993
0.9866639999999993
0.9866639999999993
0.9866639999999993
0.9866639999999993
0.9866640000000011
0.9866640000000011
0.9866640000000011
0.9866640000000011
0.9866640000000011
0.9866640000000011
0.9866640000000011
0.9866640000000011
0.9866640000000011
0.9866640000000011
0.9866640000000011
0.9866640000000011
0.9866640000000011
0.9866640000000011
0.9866640000000011
0.9866640000000011
0.9866640000000011
0.9866640000000011
0.9866640000000011
0.9866640000000011
0.9866640000000011
0.9866640000000011
0.9866640000000011
0.9866640000000011
0.9866640000000011
0.9866640000000011
0.9866640000000011
0.9866640000000011
0.9866640000000011
0.9866640000000011
0.9866640000000011
0.988605333999999
0.9888799999999982
0.9888799999999982
0.9888799999999982
0.9888799999999982
0.9888799999999982
0.9888799999999982
0.9902160000000002
0.9902719999999974
0.9902719999999974
0.9902719999999974
0.9902719999999974
0.9902719999999974
0.9902719999999974
0.9902719999999974
0.9902719999999974
0.9902719999999974
0.9902719999999974
0.9902719999999974
0.9902719999999974
0.9902719999999992
0.9902719999999992
0.9902719999999992
0.9902719999999992
0.9902719999999992
0.9902719999999992
0.9902719999999992
0.9902719999999992
0.9902719999999992
0.9902719999999992
0.9902719999999992
0.990272
0.990272
0.9902720000000009
0.9902720000000009
0.9902720000000009
0.9902720000000009
0.9902720000000009
0.9902720000000009
0.9902720000000009
0.9902720000000009
0.9902720000000009
0.9902720000000009
0.9902720000000009
0.9902720000000009
0.9902720000000009
0.9902720000000009
0.9902720000000009
0.9902720000000009
0.9902720000000009
0.9902720000000009
0.9902720000000009
0.9902720000000009
0.9902720000000009
0.9902720000000009
0.9902720000000009
0.9902720000000009
0.9902720000000009
0.9902720000000009
0.9902720000000009
0.9902720000000009
0.9927679999999981
0.9927679999999999
0.9941600000000008
0.9966160000000004
0.9966160000000004
0.9966160000000004
0.9966160000000004
0.9966160000000004
0.9966639999999991
0.9966639999999991
0.9966639999999991
0.9966639999999991
0.9966639999999991
0.9966639999999991
0.9966639999999991
0.9966639999999991
0.9966639999999991
0.9966639999999991
0.9966639999999991
0.9966639999999991
0.9966639999999991
0.9966639999999991
0.9966639999999991
0.9966639999999991
0.9966639999999991
0.9966639999999991
0.9966639999999991
0.9966639999999991
0.9966639999999991
0.9966639999999991
0.9966639999999991
0.9966639999999991
0.9966639999999991
0.9966639999999991
0.9966639999999991
0.9966639999999991
0.9966639999999991
0.9966639999999991
0.9966639999999991
0.9966639999999991
0.9966639999999991
0.9966639999999991
0.9966639999999991
0.9966639999999991
0.9966639999999991
0.9966639999999991
0.9966639999999991
0.9966639999999991
0.9966639999999991
0.9966639999999991
0.9966639999999991
0.9966639999999991
0.9966639999999991
0.9966639999999991
0.9966639999999991
0.9966639999999991
0.9966639999999991
0.9966639999999991
0.9966639999999991
0.9966639999999991
0.9966639999999991
0.9966639999999991
0.9966639999999991
0.9966639999999991
0.9966639999999991
0.9966639999999991
0.9966639999999991
0.9966639999999991
0.9966639999999991
0.9966639999999991
0.9966639999999991
0.9966639999999991
0.9966639999999991
0.9966639999999991
0.9966639999999991
0.9966639999999991
0.9966639999999991
0.9966639999999991
0.9966639999999991
0.9966639999999991
0.9966639999999991
0.9966639999999991
0.9966639999999991
0.9966639999999991
0.9966639999999991
0.9966639999999991
0.9966639999999991
0.9966639999999991
0.9966639999999991
0.9966639999999991
0.9966639999999991
0.9966639999999991
0.9966639999999991
0.9966639999999991
0.9966639999999991
0.9966639999999991
0.9966639999999991
0.9966639999999991
0.9966639999999991
0.9966639999999991
0.9966639999999991
0.9966639999999991
0.9966639999999991
0.9966639999999991
0.9966639999999991
0.9966639999999991
0.9966639999999991
0.9966639999999991
0.9966639999999991
0.9966639999999991
0.9966639999999991
0.9966639999999991
0.9966639999999991
0.9966639999999991
0.9966639999999991
0.9966639999999991
0.9966639999999991
0.9966639999999991
0.9966639999999991
0.9966639999999991
0.9966639999999991
0.9966639999999991
0.9966639999999991
0.9966639999999991
0.9966639999999991
0.9966639999999991
0.9966639999999991
0.9966639999999991
0.9966639999999991
0.9966639999999991
0.9966639999999991
0.9966639999999991
0.9966639999999991
0.9966639999999991
0.9966639999999991
0.9966639999999991
0.9966639999999991
0.9966639999999991
0.9966639999999991
0.9966639999999991
0.9966639999999991
0.9966639999999991
0.9966639999999991
0.9966639999999991
0.996664
0.996664
0.996664
0.996664
0.996664
0.996664
0.996664
0.996664
0.996664
0.996664
0.996664
0.996664
0.996664
0.9966640000000009
0.9966640000000009
0.9966640000000009
0.9966640000000009
0.9966640000000009
0.9966640000000009
0.9966640000000009
0.9966640000000009
0.9966640000000009
0.9966640000000009
0.9966640000000009
0.9966640000000009
0.9966640000000009
0.9966640000000009
0.9966640000000009
0.9966640000000009
0.9966640000000009
0.9966640000000009
0.9966640000000009
0.9966640000000009
0.9966640000000009
0.9966640000000009
0.9966640000000009
0.9966640000000009
0.9966640000000009
0.9966640000000009
0.9966640000000009
0.9966640000000009
0.9966640000000009
0.9966640000000009
0.9966640000000009
0.9966640000000009
0.9966640000000009
0.9966640000000009
0.9966640000000009
0.9966640000000009
0.9966640000000009
0.9966640000000009
0.9966640000000009
0.9966640000000009
0.9966640000000009
0.9966640000000009
0.9966640000000009
0.9966640000000009
0.9966640000000009
0.9966640000000009
0.9966640000000009
0.9966640000000009
0.9966640000000009
0.9966640000000009
0.9966640000000027
0.9966640000000027
0.9966640000000027
0.9966640000000027
0.9966640000000027
0.9966640000000027
0.9966640000000027
0.9966640000000027
0.9966640000000027
0.9966640000000027
0.9966640000000027
0.9966640000000027
0.9966640000000027
0.9966640000000027
0.9966640000000027
0.9966640000000027
0.9966640000000027
0.9966640000000027
0.9966640000000027
0.9966640000000027
0.9966640000000027
0.9966640000000027
0.9966640000000027
0.9966640000000027
0.9966640000000027
0.9966640000000027
0.9966640000000027
0.9966640000000027
0.9966640000000027
0.9966640000000027
0.9966640000000027
0.9966640000000027
0.9966640000000027
0.9966640000000027
0.9966640000000027
0.9966640000000027
0.9966640000000027
0.9966640000000027
0.9966640000000027
0.9966640000000027
0.9988799999999998
0.9988799999999998
0.9988799999999998
0.9988799999999998
0.9988799999999998
0.9988799999999998
1.005271999999998
1.005271999999998
1.005271999999998
1.005271999999998
1.005271999999998
1.005271999999998
1.005271999999998
1.0052719999999997
1.0052719999999997
1.0052719999999997
1.0052719999999997
1.0052719999999997
1.0052719999999997
1.0052720000000015
1.0052720000000015
1.0052720000000015
1.0052720000000015
1.0052720000000015
1.0052720000000015
1.0052720000000015
1.0052720000000015
1.0052720000000015
1.0052720000000015
1.0052720000000015
1.0052720000000015
1.0052720000000015
1.0052720000000015
1.0052720000000015
1.0052720000000015
1.0052720000000015
1.0066159999999993
1.0066160000000002
1.0066160000000002
1.0066160000000002
1.0066639999999971
1.0066639999999971
1.0066639999999971
1.0066639999999971
1.0066639999999971
1.0066639999999971
1.0066639999999971
1.0066639999999971
1.0066639999999971
1.0066639999999971
1.0066639999999971
1.0066639999999971
1.0066639999999971
1.0066639999999971
1.0066639999999971
1.0066639999999971
1.0066639999999971
1.0066639999999971
1.0066639999999971
1.0066639999999971
1.0066639999999971
1.0066639999999971
1.0066639999999971
1.0066639999999971
1.006663999999999
1.006663999999999
1.006663999999999
1.006663999999999
1.006663999999999
1.006663999999999
1.006663999999999
1.006663999999999
1.006663999999999
1.006663999999999
1.006663999999999
1.006663999999999
1.006663999999999
1.006663999999999
1.006663999999999
1.006663999999999
1.006663999999999
1.006663999999999
1.006663999999999
1.006663999999999
1.006663999999999
1.006663999999999
1.006663999999999
1.006663999999999
1.006663999999999
1.006663999999999
1.006663999999999
1.006663999999999
1.0066639999999998
1.0066639999999998
1.0066639999999998
1.0066639999999998
1.0066639999999998
1.0066639999999998
1.0066639999999998
1.0066640000000007
1.0066640000000007
1.0066640000000007
1.0066640000000007
1.0066640000000007
1.0066640000000007
1.0066640000000007
1.0066640000000007
1.0066640000000007
1.0066640000000007
1.0066640000000007
1.0066640000000007
1.0066640000000007
1.0066640000000007
1.0066640000000007
1.0066640000000007
1.0066640000000007
1.0066640000000007
1.0066640000000007
1.0066640000000007
1.0066640000000007
1.0066640000000007
1.0066640000000007
1.0066640000000007
1.0066640000000007
1.0066640000000007
1.0066640000000007
1.0066640000000007
1.0066640000000007
1.0066640000000007
1.0066640000000007
1.0066640000000007
1.0066640000000007
1.0066640000000007
1.0066640000000007
1.0066640000000007
1.0066640000000007
1.0066640000000007
1.0066640000000007
1.0066640000000007
1.0066640000000007
1.0066640000000007
1.0066640000000007
1.0066640000000007
1.0066640000000007
1.0066640000000007
1.0066640000000007
1.0066640000000007
1.0066640000000007
1.0066640000000007
1.0066640000000007
1.0066640000000007
1.0066640000000007
1.0066640000000007
1.0066640000000007
1.0066640000000007
1.0066640000000007
1.0066640000000007
1.0066640000000007
1.0066640000000007
1.0066640000000007
1.0066640000000007
1.0066640000000007
1.0066640000000007
1.0066640000000007
1.0066640000000007
1.0066640000000007
1.0066640000000007
1.0066640000000007
1.0066640000000007
1.0066640000000007
1.0066640000000007
1.0066640000000007
1.0066640000000007
1.0066640000000007
1.0066640000000007
1.0066640000000007
1.0066640000000007
1.0066640000000007
1.0066640000000007
1.0066640000000007
1.0066640000000007
1.0066640000000007
1.0066640000000007
1.0066640000000007
1.0066640000000007
1.0066640000000007
1.0066640000000007
1.0066640000000007
1.0066640000000007
1.0066640000000007
1.0066640000000007
1.0066640000000007
1.0066640000000007
1.0066640000000007
1.0066640000000007
1.0066640000000007
1.0066640000000007
1.0066640000000007
1.0066640000000007
1.0066640000000007
1.0066640000000007
1.0066640000000007
1.0066640000000007
1.0066640000000007
1.0066640000000007
1.0066640000000007
1.0066640000000007
1.0066640000000007
1.0066640000000007
1.0066640000000007
1.0066640000000007
1.0066640000000007
1.0066640000000007
1.0066640000000007
1.0066640000000007
1.0066640000000007
1.0066640000000007
1.0066640000000007
1.0066640000000007
1.0066640000000007
1.0066640000000007
1.0066640000000007
1.0066640000000007
1.0066640000000007
1.0066640000000007
1.0066640000000007
1.0066640000000007
1.0066640000000007
1.0066640000000007
1.0066640000000007
1.0066640000000007
1.0066640000000007
1.0066640000000007
1.0066640000000007
1.0066640000000007
1.0066640000000007
1.0066640000000007
1.0066640000000007
1.0066640000000007
1.0066640000000007
1.0066640000000007
1.0066640000000007
1.0066640000000007
1.0066640000000007
1.0066640000000007
1.0066640000000007
1.0066640000000007
1.0066640000000007
1.0066640000000007
1.0066640000000007
1.0066640000000007
1.0066640000000007
1.0066640000000007
1.0066640000000007
1.0066640000000007
1.0066640000000007
1.0066640000000007
1.0066640000000007
1.0066640000000007
1.0066640000000007
1.0066640000000007
1.0066640000000007
1.0066640000000007
1.0066640000000007
1.0066640000000007
1.0066640000000007
1.0066640000000007
1.0066640000000007
1.0066640000000007
1.0066640000000007
1.0066640000000007
1.0074879999999986
1.0091599999999978
1.0095120000000009
1.0152719999999995
1.0224879999999992
1.0255520000000011
1.0255520000000011
1.0255520000000011
1.03416
1.0355519999999991
1.0355519999999991
1.0466159999999993
1.0466159999999993
1.0466160000000002
1.0466160000000002
1.0466160000000002
1.0466160000000002
1.0466160000000002
1.046663999999998
1.046663999999998
1.0466639999999998
1.0466639999999998
1.0466639999999998
1.0466639999999998
1.0466639999999998
1.0466639999999998
1.0466639999999998
1.0466639999999998
1.0466639999999998
1.0466639999999998
1.0466639999999998
1.0466639999999998
1.0466639999999998
1.0466639999999998
1.0466639999999998
1.0466639999999998
1.0466639999999998
1.0466639999999998
1.0466639999999998
1.0466639999999998
1.0466639999999998
1.0466639999999998
1.0466639999999998
1.0466639999999998
1.0466639999999998
1.0466639999999998
1.0466639999999998
1.0466639999999998
1.0466639999999998
1.0466639999999998
1.0466639999999998
1.0466639999999998
1.0466639999999998
1.0466639999999998
1.0466639999999998
1.0466639999999998
1.0466639999999998
1.0466639999999998
1.0466639999999998
1.0466639999999998
1.0466639999999998
1.0466639999999998
1.0466639999999998
1.0466639999999998
1.0466639999999998
1.0466639999999998
1.0466639999999998
1.0466639999999998
1.0466639999999998
1.0466639999999998
1.0466639999999998
1.0466639999999998
1.0466639999999998
1.0466639999999998
1.0466639999999998
1.0466639999999998
1.0466639999999998
1.0466639999999998
1.0466639999999998
1.0466639999999998
1.0466639999999998
1.0466639999999998
1.0466639999999998
1.0466639999999998
1.0466639999999998
1.0466639999999998
1.0466639999999998
1.0466639999999998
1.0466639999999998
1.0466639999999998
1.0466639999999998
1.0466639999999998
1.0466639999999998
1.0466639999999998
1.0466639999999998
1.0466639999999998
1.0466639999999998
1.0466639999999998
1.0466639999999998
1.0466639999999998
1.0466639999999998
1.0466639999999998
1.0466639999999998
1.0466639999999998
1.0466639999999998
1.0466639999999998
1.0466639999999998
1.0466639999999998
1.0466639999999998
1.0466639999999998
1.0466639999999998
1.0466639999999998
1.0466639999999998
1.0466639999999998
1.0466639999999998
1.0466639999999998
1.0466639999999998
1.0466639999999998
1.0466639999999998
1.0466639999999998
1.0466639999999998
1.0466639999999998
1.0466639999999998
1.0466639999999998
1.0466639999999998
1.0466639999999998
1.0466639999999998
1.0466639999999998
1.0466639999999998
1.0466639999999998
1.0466639999999998
1.0466639999999998
1.0466639999999998
1.0466639999999998
1.0466639999999998
1.0466639999999998
1.0466639999999998
1.0466639999999998
1.0466639999999998
1.0466639999999998
1.0466639999999998
1.0466639999999998
1.0466639999999998
1.0466639999999998
1.0466639999999998
1.0466639999999998
1.0466639999999998
1.0466639999999998
1.0466639999999998
1.0466639999999998
1.0466639999999998
1.0466639999999998
1.0466639999999998
1.0466639999999998
1.0466639999999998
1.0466639999999998
1.0466639999999998
1.0466639999999998
1.0466639999999998
1.0466639999999998
1.0466639999999998
1.0466639999999998
1.0466639999999998
1.0466639999999998
1.0466639999999998
1.0466639999999998
1.0466639999999998
1.0466639999999998
1.0466639999999998
1.0466639999999998
1.0466639999999998
1.0466639999999998
1.0466639999999998
1.0466639999999998
1.0466639999999998
1.0466639999999998
1.0466639999999998
1.0466639999999998
1.0466639999999998
1.0466639999999998
1.0466639999999998
1.0466639999999998
1.0466639999999998
1.0466639999999998
1.0466639999999998
1.0466639999999998
1.0466639999999998
1.0466639999999998
1.0466639999999998
1.0466639999999998
1.0466639999999998
1.0466639999999998
1.0466639999999998
1.0466639999999998
1.0466639999999998
1.0466639999999998
1.0466639999999998
1.0466639999999998
1.0466639999999998
1.0466639999999998
1.0466639999999998
1.0466639999999998
1.0466639999999998
1.0466639999999998
1.0466639999999998
1.0466639999999998
1.0466639999999998
1.0466639999999998
1.0466639999999998
1.0466639999999998
1.0466639999999998
1.0466639999999998
1.0466639999999998
1.0466639999999998
1.0466639999999998
1.0466639999999998
1.0466639999999998
1.0466639999999998
1.0466639999999998
1.0466639999999998
1.0466639999999998
1.0466639999999998
1.0466639999999998
1.0466639999999998
1.0466639999999998
1.0466639999999998
1.0466639999999998
1.0466639999999998
1.0466639999999998
1.0466639999999998
1.0466639999999998
1.0466639999999998
1.0466639999999998
1.0466639999999998
1.0466639999999998
1.0466639999999998
1.0466639999999998
1.0466639999999998
1.0466639999999998
1.0466639999999998
1.0466639999999998
1.0466639999999998
1.0466639999999998
1.0466639999999998
1.0466639999999998
1.0466639999999998
1.0466639999999998
1.0466639999999998
1.0466639999999998
1.0466639999999998
1.0466639999999998
1.0466639999999998
1.0466639999999998
1.0466639999999998
1.0466639999999998
1.0466639999999998
1.0466639999999998
1.0466639999999998
1.0466639999999998
1.0466639999999998
1.0466639999999998
1.0466639999999998
1.0466639999999998
1.0466639999999998
1.0466639999999998
1.0466639999999998
1.0466639999999998
1.0466639999999998
1.0466639999999998
1.0466639999999998
1.0466639999999998
1.0466639999999998
1.0466639999999998
1.0466639999999998
1.0466639999999998
1.0466639999999998
1.0466639999999998
1.0466639999999998
1.0466639999999998
1.0466639999999998
1.0466639999999998
1.0466639999999998
1.0466639999999998
1.0466639999999998
1.0466639999999998
1.0466639999999998
1.0466639999999998
1.0466639999999998
1.0466639999999998
1.0466639999999998
1.0466639999999998
1.0466639999999998
1.0466639999999998
1.0466639999999998
1.0466639999999998
1.0466639999999998
1.0466639999999998
1.0466639999999998
1.0466639999999998
1.0466639999999998
1.0466639999999998
1.0466639999999998
1.0466639999999998
1.0466639999999998
1.0466639999999998
1.0466639999999998
1.0466639999999998
1.0466639999999998
1.0466639999999998
1.0466639999999998
1.0466639999999998
1.0466639999999998
1.0466639999999998
1.0466639999999998
1.0466639999999998
1.0466639999999998
1.0466639999999998
1.0466639999999998
1.0466639999999998
1.0466639999999998
1.0466639999999998
1.0466639999999998
1.0466639999999998
1.0466639999999998
1.0466639999999998
1.0466639999999998
1.0466639999999998
1.0466639999999998
1.0466639999999998
1.0466639999999998
1.0466639999999998
1.0466639999999998
1.0466639999999998
1.0466639999999998
1.0466639999999998
1.0466639999999998
1.0466639999999998
1.0466639999999998
1.0466639999999998
1.0466639999999998
1.0466640000000007
1.0466640000000007
1.0466640000000016
1.0466640000000016
1.0466640000000016
1.0466640000000016
1.0466640000000016
1.0466640000000016
1.0466640000000016
1.0466640000000016
1.0466640000000016
1.0466640000000016
1.0466640000000016
1.0466640000000016
1.0466640000000016
1.0466640000000016
1.0466640000000016
1.0466640000000016
1.0466640000000016
1.0466640000000034
1.0466640000000034
1.0485733280000007
1.048879999999997
1.048879999999997
1.048879999999997
1.048879999999997
1.0488799999999987
1.0488799999999987
1.0488799999999996
1.0488799999999996
1.0488800000000005
1.0488800000000005
1.0488800000000005
1.0488800000000005
1.0488800000000005
1.0488800000000005
1.0488800000000005
1.0488800000000005
1.0488800000000005
1.0488800000000005
1.0488800000000005
1.0488800000000005
1.0488800000000005
1.0488800000000005
1.0488800000000005
1.0488800000000005
1.0488800000000005
1.0488800000000005
1.0488800000000005
1.0488800000000005
1.0488800000000005
1.0488800000000005
1.0488800000000005
1.0488800000000005
1.0488800000000005
1.0488800000000005
1.0488800000000005
1.0488800000000005
1.0488800000000005
1.0508586619999996
1.0508586619999996
1.0508586619999996
1.0508586619999996
1.0508586619999996
1.0508586619999996
1.0508586619999996
1.050858662000003
1.0527680000000004
1.0564479999999996
1.0566639999999978
1.0566639999999978
1.0566639999999978
1.0566639999999978
1.0566639999999978
1.0566639999999978
1.0566639999999978
1.0566639999999978
1.0566639999999978
1.0566639999999978
1.0566639999999978
1.0566639999999978
1.0566639999999978
1.0566639999999978
1.0566639999999978
1.0566639999999978
1.0566639999999978
1.0566639999999978
1.0566639999999978
1.0566639999999978
1.0566639999999978
1.0566639999999978
1.0566639999999978
1.0566639999999978
1.0566639999999978
1.0566639999999978
1.0566639999999978
1.0566639999999978
1.0566639999999978
1.0566639999999996
1.0566639999999996
1.0566639999999996
1.0566639999999996
1.0566639999999996
1.0566639999999996
1.0566639999999996
1.0566639999999996
1.0566639999999996
1.0566639999999996
1.0566639999999996
1.0566639999999996
1.0566639999999996
1.0566639999999996
1.0566639999999996
1.0566639999999996
1.0566639999999996
1.0566639999999996
1.0566639999999996
1.0566639999999996
1.0566639999999996
1.0566639999999996
1.0566639999999996
1.0566639999999996
1.0566639999999996
1.0566639999999996
1.0566639999999996
1.0566639999999996
1.0566639999999996
1.0566639999999996
1.0566639999999996
1.0566639999999996
1.0566639999999996
1.0566639999999996
1.0566640000000005
1.0566640000000005
1.0566640000000014
1.0566640000000014
1.0566640000000014
1.0566640000000014
1.0566640000000014
1.0566640000000014
1.0566640000000014
1.0566640000000014
1.0566640000000014
1.0566640000000014
1.0566640000000014
1.0566640000000014
1.0566640000000014
1.0566640000000014
1.0566640000000014
1.0566640000000014
1.0566640000000014
1.0566640000000014
1.0566640000000014
1.0566640000000014
1.0566640000000014
1.0566640000000014
1.0566640000000014
1.0566640000000014
1.0566640000000014
1.0566640000000014
1.0566640000000014
1.0566640000000014
1.0566640000000014
1.0566640000000014
1.0566640000000014
1.0566640000000014
1.0566640000000014
1.0566640000000014
1.0566640000000014
1.0566640000000014
1.0566640000000014
1.0566640000000014
1.0566640000000014
1.0566640000000014
1.0566640000000014
1.0566640000000014
1.0566640000000014
1.0566640000000014
1.0566640000000014
1.0566640000000014
1.0566640000000014
1.0566640000000014
1.0566640000000014
1.0566640000000014
1.0566640000000014
1.0566640000000014
1.0566640000000014
1.0566640000000014
1.0566640000000014
1.075488
1.075488
1.075488
1.0754880000000009
1.0754880000000009
1.0755519999999983
1.0755519999999983
1.0755519999999983
1.0755519999999983
1.0755519999999983
1.0755519999999983
1.0755519999999983
1.0755519999999983
1.0755519999999983
1.0755519999999983
1.0755519999999983
1.075552
1.075552
1.075552
1.075552
1.075552
1.075552
1.075552
1.075552
1.075552
1.075552
1.075552000000001
1.0755520000000018
1.0755520000000018
1.0755520000000018
1.0755520000000018
1.0755520000000018
1.0755520000000018
1.0755520000000018
1.0755520000000018
1.0802719999999972
1.0802720000000008
1.0802720000000008
1.0802720000000008
1.0802720000000008
1.0802720000000008
1.0866159999999994
1.0866159999999994
1.0866160000000002
1.0866160000000002
1.0866160000000002
1.0866160000000002
1.0866160000000002
1.0866160000000002
1.0866160000000011
1.0866160000000011
1.086663999999999
1.086663999999999
1.086663999999999
1.086663999999999
1.086663999999999
1.086663999999999
1.086663999999999
1.086663999999999
1.086663999999999
1.086663999999999
1.086663999999999
1.086663999999999
1.086663999999999
1.086663999999999
1.086663999999999
1.086663999999999
1.086663999999999
1.086663999999999
1.086663999999999
1.086663999999999
1.086663999999999
1.086663999999999
1.086663999999999
1.086663999999999
1.086663999999999
1.086663999999999
1.086663999999999
1.086663999999999
1.086663999999999
1.086663999999999
1.086663999999999
1.086663999999999
1.086663999999999
1.086663999999999
1.086663999999999
1.086663999999999
1.086663999999999
1.086663999999999
1.086663999999999
1.086663999999999
1.086663999999999
1.086663999999999
1.086663999999999
1.086663999999999
1.086663999999999
1.086663999999999
1.086663999999999
1.086663999999999
1.086663999999999
1.086663999999999
1.086663999999999
1.086663999999999
1.086663999999999
1.086663999999999
1.086663999999999
1.086663999999999
1.086663999999999
1.086663999999999
1.086663999999999
1.086663999999999
1.086663999999999
1.086663999999999
1.086663999999999
1.086663999999999
1.086663999999999
1.086663999999999
1.086663999999999
1.086663999999999
1.086663999999999
1.086663999999999
1.086663999999999
1.086663999999999
1.086663999999999
1.086663999999999
1.086663999999999
1.086663999999999
1.086663999999999
1.086663999999999
1.086663999999999
1.086663999999999
1.086663999999999
1.086663999999999
1.086663999999999
1.086663999999999
1.086663999999999
1.086663999999999
1.086663999999999
1.086663999999999
1.086663999999999
1.086663999999999
1.086663999999999
1.0866639999999999
1.0866640000000007
1.0866640000000007
1.0866640000000007
1.0866640000000007
1.0866640000000007
1.0866640000000007
1.0866640000000007
1.0866640000000007
1.0866640000000007
1.0866640000000007
1.0866640000000007
1.0866640000000007
1.0866640000000007
1.0866640000000007
1.0866640000000007
1.0866640000000007
1.0866640000000007
1.0866640000000007
1.0866640000000007
1.0866640000000007
1.0866640000000007
1.0866640000000007
1.0866640000000007
1.0866640000000007
1.0866640000000007
1.0866640000000007
1.0866640000000007
1.0866640000000007
1.0866640000000007
1.0866640000000007
1.0866640000000007
1.0866640000000007
1.0866640000000007
1.0866640000000007
1.0866640000000007
1.0866640000000007
1.0866640000000007
1.0866640000000007
1.0866640000000007
1.0866640000000025
1.0866640000000025
1.0866640000000025
1.0866640000000025
1.0866640000000025
1.0866640000000025
1.0866640000000025
1.0866640000000025
1.0866640000000025
1.0866640000000025
1.0866640000000025
1.0866640000000025
1.0866640000000025
1.0866640000000025
1.0866640000000025
1.0866640000000025
1.0866640000000025
1.0866640000000025
1.0866640000000025
1.0866640000000025
1.0866640000000025
1.0866640000000025
1.0866640000000025
1.0866640000000025
1.0866640000000025
1.0866640000000025
1.0866640000000025
1.0866640000000025
1.0866640000000025
1.0866640000000025
1.0866640000000025
1.0866640000000025
1.0866640000000025
1.0866640000000025
1.0885493320000004
1.0885493330000005
1.0885733279999998
1.0886053319999984
1.0886053320000002
1.0886053320000002
1.0886053320000002
1.0886053329999967
1.0886053330000003
1.0886053330000003
1.0886053330000003
1.0886293279999997
1.0886293279999997
1.0886293279999997
1.0886293279999997
1.0886293279999997
1.0886293279999997
1.0886293279999997
1.0886293279999997
1.0886293279999997
1.0886293279999997
1.0886293279999997
1.0886293279999997
1.0886293279999997
1.0886293279999997
1.0886293279999997
1.0886293279999997
1.0886293279999997
1.0886293279999997
1.0886293279999997
1.0886293279999997
1.0886293279999997
1.0888799999999996
1.0888799999999996
1.0888799999999996
1.0888799999999996
1.0888799999999996
1.0902719999999988
1.0902719999999988
1.0902719999999988
1.0902719999999988
1.0902719999999988
1.0902719999999988
1.0902719999999988
1.0902719999999988
1.0902719999999988
1.0902719999999988
1.0902719999999988
1.0902719999999988
1.0902719999999988
1.0902719999999988
1.0902719999999988
1.0902719999999988
1.0902719999999988
1.0902719999999988
1.0902720000000006
1.0902720000000006
1.0902720000000006
1.0902720000000006
1.0902720000000006
1.0902720000000006
1.0902720000000006
1.0902720000000006
1.0902720000000006
1.0902720000000024
1.0902720000000024
1.0902720000000024
1.0902720000000024
1.0902720000000024
1.0902720000000024
1.0902720000000024
1.0902720000000024
1.0905786609999986
1.0905786610000003
1.0927679999999995
1.0927679999999995
1.0941599999999987
1.0941599999999987
1.0941599999999987
1.0941599999999987
1.0941599999999987
1.0941600000000005
1.0941600000000005
1.0941600000000005
1.0941600000000005
1.0941600000000005
1.0941600000000005
1.0941600000000005
1.0941600000000022
1.0941919949999992
1.0941919949999992
1.097488000000002
1.0978400000000015
1.0978400000000015
