0.7466159999999995
0.785488
0.7466160000000004
0.7966160000000002
0.785488
0.7566160000000002
0.7566159999999993
0.7988160000000004
0.7566160000000002
0.7754880000000002
1.075488
0.7590959999999995
0.825488
0.7566640000000007
1.0866160000000002
0.6966640000000002
0.7802720000000001
1.075488
0.7590960000000004
0.746664
1.0866160000000002
0.7566639999999998
0.7966639999999998
0.8066639999999996
1.0902720000000006
0.7988800000000005
1.0466639999999998
0.8255520000000001
0.8091599999999994
0.7566639999999998
0.8255520000000001
0.7591599999999996
1.0466639999999998
0.9866639999999993
0.8066640000000005
0.7966639999999998
0.8066639999999996
0.7755520000000002
0.7566639999999998
1.0866640000000007
0.746664
0.8302719999999999
1.075552000000001
0.8355520000000007
0.7755519999999994
0.7566639999999998
0.7966640000000007
1.0466640000000007
1.0866639999999999
0.8255520000000001
0.8091600000000003
0.8066640000000005
1.0466639999999998
0.7966639999999998
0.7966640000000007
0.785552
1.0941600000000005
0.7566639999999989
0.7966639999999998
1.0866640000000007
0.8355520000000007
0.7466639999999991
0.8066639999999996
1.0866640000000007
1.0466639999999998
0.7566639999999998
0.7966640000000007
0.7466640000000009
0.8355519999999999
0.7966639999999998
1.0466640000000007
0.8355520000000007
0.8255519999999992
1.0866640000000007
0.7966639999999998
0.8066640000000014
0.7966639999999998
0.7855519999999991
0.8066640000000014
0.7966639999999998
0.7966639999999998
1.0802720000000008
0.8066639999999996
1.0902719999999988
1.0466639999999998
0.8466640000000005
0.8355519999999999
1.0941600000000005
0.8066639999999996
0.8466640000000005
0.8066639999999996
1.075552
0.8255520000000001
0.8091600000000003
0.9927679999999999
0.7966640000000016
0.8066639999999996
0.8466640000000005
0.7966639999999998
0.8355519999999999
1.0941600000000005
0.8255520000000001
1.0466639999999998
0.8466639999999988
0.8855519999999988
0.8566640000000003
1.086663999999999
1.0466639999999998
0.8552719999999994
0.8388800000000014
0.7966639999999998
0.8566640000000003
1.0866640000000007
0.875551999999999
0.859160000000001
0.8066639999999996
0.8466640000000005
0.8066639999999996
1.0466639999999998
0.8755520000000008
0.8091600000000003
0.8255520000000001
1.0466639999999998
0.8066639999999996
1.0902720000000006
0.8488800000000012
0.7966639999999998
0.8066639999999996
0.9902719999999992
0.8488800000000012
1.075552
0.8466640000000005
0.8855519999999988
0.8066639999999996
0.8466640000000005
1.086663999999999
0.8855519999999988
0.7966639999999998
0.8066639999999996
1.075552
0.8466639999999988
1.0866640000000007
0.8566640000000003
0.8755520000000008
0.8591599999999993
1.0466640000000016
0.8466640000000005
0.8855519999999988
1.0941600000000005
0.8566640000000003
0.8466640000000005
0.8466640000000005
0.8855519999999988
0.7966639999999998
1.086663999999999
0.8855520000000006
0.8466639999999988
1.0466639999999998
0.8466640000000005
0.8566640000000003
1.0466639999999998
0.8466640000000005
0.8355519999999999
0.9866640000000011
0.8566640000000003
0.875551999999999
0.8355519999999999
0.8966640000000012
0.8566640000000003
1.0902719999999988
1.0466639999999998
0.8802719999999997
0.86388
0.8466639999999988
0.8355519999999999
1.0866640000000007
0.8066639999999996
0.8466640000000005
1.0466640000000016
0.8466640000000005
0.8855519999999988
0.8466640000000005
0.8066639999999996
1.0902719999999988
0.8488799999999994
1.0466639999999998
0.8855520000000006
0.8755520000000008
0.8466640000000005
0.8566640000000003
0.8066639999999996
1.0902720000000006
0.8488799999999994
1.0466639999999998
0.8855519999999988
0.8466640000000005
0.8466640000000005
0.8855520000000006
1.0941599999999987
1.0527680000000004
0.8566640000000003
0.9255519999999997
0.9066639999999992
1.0902720000000006
0.9255519999999997
0.8855520000000006
0.8566640000000003
0.8966640000000012
1.0866640000000007
0.8566640000000003
1.0466639999999998
0.9302719999999987
0.86388
0.8566639999999985
0.8966639999999995
0.8466640000000005
1.086663999999999
1.0466640000000016
0.8566640000000003
0.875551999999999
0.8566640000000003
0.9255520000000015
0.8855520000000006
1.0466639999999998
1.0866640000000007
0.9066639999999992
0.8966639999999995
0.8966639999999995
0.8855519999999988
0.8966640000000012
0.8855519999999988
1.0466639999999998
1.0866640000000007
0.8966639999999995
0.8855520000000006
0.906664000000001
1.0466639999999998
0.8966639999999995
0.8855519999999988
1.0866640000000007
0.9255520000000015
0.90916
0.875551999999999
0.8566640000000003
1.0902720000000006
0.8988800000000001
0.8966639999999995
0.9066639999999992
0.8966639999999995
0.8355519999999999
1.0941600000000005
0.9466640000000002
0.9052720000000001
0.8566640000000003
0.8966639999999995
0.8855519999999988
1.0866640000000007
0.8966639999999995
0.9802720000000011
0.906664000000001
0.8466640000000005
0.8566640000000003
1.0866640000000007
0.9255519999999997
0.906664000000001
1.0466639999999998
0.8966639999999995
0.9355519999999995
0.8566640000000003
0.8466640000000005
0.9466640000000002
0.8855520000000006
0.9255519999999997
0.8966639999999995
0.8855519999999988
1.0941600000000005
0.8966639999999995
0.8466640000000005
0.906664000000001
0.8566639999999985
0.8966639999999995
1.0866640000000007
0.906664000000001
0.8466640000000005
0.8566640000000003
1.0902720000000006
0.8988800000000001
0.982488
0.906664000000001
0.875551999999999
0.8566640000000003
1.0902720000000006
0.8988800000000001
0.982488
0.9066639999999992
0.9255519999999997
0.8855520000000006
0.8566640000000003
1.0902719999999988
0.8988800000000001
0.9066639999999992
1.0466639999999998
0.9255520000000015
1.0866640000000007
0.9466640000000002
0.9052720000000001
0.9066639999999992
0.8755520000000008
0.9355520000000013
0.8966639999999995
1.0466639999999998
0.8566640000000003
0.9255519999999997
0.906664000000001
0.8966639999999995
0.9466640000000002
0.906664000000001
1.0902719999999988
0.9066639999999992
0.9466640000000002
0.9255520000000015
0.90916
1.0927679999999995
0.9255519999999997
0.90916
1.0466639999999998
1.086663999999999
0.8966639999999995
0.9355519999999995
0.8855519999999988
0.9466640000000002
1.0466640000000016
0.9355520000000013
1.0941599999999987
0.9066639999999992
0.9466640000000002
0.8966640000000012
0.8566639999999985
0.8966639999999995
1.0866640000000007
1.0466640000000016
0.9052720000000001
0.938880000000001
0.8966639999999995
0.9355519999999995
1.075552
0.8966640000000012
0.9355520000000013
0.906664000000001
0.9466639999999984
1.0466639999999998
0.906664000000001
0.946664000000002
0.9866639999999975
0.8966639999999995
0.9066639999999992
0.9466639999999984
0.9355520000000013
0.9755519999999986
1.086663999999999
0.9066639999999992
0.9866639999999993
0.9066639999999992
0.9255519999999979
1.0466639999999998
0.9355519999999977
0.9466640000000002
0.9355520000000013
1.0941600000000005
0.9027679999999982
1.0466639999999998
0.906664000000001
0.946664000000002
0.9466639999999984
0.9566639999999982
1.0902720000000006
0.8988800000000001
0.9355520000000013
0.9355519999999977
1.0466639999999998
0.9302720000000022
1.0888799999999996
0.9466640000000002
0.9355520000000013
1.046663999999998
0.946664000000002
0.9066639999999992
0.8966639999999977
0.9066640000000028
0.9466639999999984
1.0466639999999998
0.9066639999999992
0.946664000000002
0.9466639999999984
0.9355520000000013
1.086663999999999
0.9855519999999984
0.956664
0.9902720000000009
0.946664000000002
0.956664
0.9255519999999997
0.9855519999999984
1.0941599999999987
0.9527680000000025
1.0755519999999983
0.9466639999999984
0.956664
0.946664000000002
1.0466639999999998
0.956664
1.0902719999999988
0.9466639999999984
0.956664
0.985552000000002
0.9755520000000004
1.086663999999999
0.875551999999999
0.9855519999999984
0.8966640000000012
1.0466639999999998
0.9066639999999992
0.9466639999999984
1.0466639999999998
1.086663999999999
0.946664000000002
0.9066639999999992
0.9066639999999992
0.9466639999999984
1.0466639999999998
0.9552720000000008
0.956664
0.985552000000002
0.9866639999999975
0.9855519999999984
0.9466639999999984
0.9066639999999992
0.9755519999999969
1.0866640000000025
0.9255519999999997
0.985552000000002
0.9255519999999997
1.0466639999999998
0.956664
0.9466639999999984
0.956664
1.0902719999999988
0.9488799999999991
0.8966640000000012
0.956664
1.0466639999999998
0.9466639999999984
0.9355520000000013
0.985552000000002
1.0941599999999987
0.9777679999999975
0.9255519999999997
0.9066639999999992
0.9066639999999992
1.0466639999999998
0.9552720000000008
1.0888799999999996
1.0466639999999998
0.9552720000000008
0.956664
0.9066639999999992
0.946664000000002
0.956664
1.0466639999999998
0.9066639999999992
0.9902720000000009
0.9755520000000004
0.9755520000000004
0.9591600000000007
1.086663999999999
0.9755520000000004
0.9591600000000007
0.9755519999999969
0.9066639999999992
0.946664000000002
0.8966639999999977
0.956664
1.0866640000000025
0.8966639999999977
1.0802720000000008
0.9066639999999992
0.946664000000002
0.9056239999999995
0.9392320000000005
1.0978400000000015
1.0564479999999996
0.9355520000000013
0.9755519999999969
0.9355519999999977
0.956664
0.8966640000000012
0.9466639999999984
0.9066639999999992
1.0902720000000024
0.8988799999999983
0.9066640000000028
1.0902719999999988
0.9488799999999991
1.0466639999999998
0.9066639999999992
0.9466639999999984
0.9066639999999992
1.0466639999999998
0.9755520000000004
0.90916
0.9755520000000004
1.086663999999999
0.9355519999999977
0.9755520000000004
0.8966640000000012
0.956664
1.086663999999999
0.946664000000002
0.946664000000002
0.9355519999999977
0.956664
1.0466639999999998
0.9052720000000001
0.8966639999999977
0.8855520000000006
0.9866639999999975
0.946664000000002
0.9355519999999977
0.9355520000000013
0.8966639999999977
0.9855519999999984
0.946664000000002
0.9066639999999992
0.946664000000002
0.956664
1.0902719999999988
0.9466639999999984
0.9866640000000011
0.946664000000002
0.956664
0.9466639999999984
0.956664
0.8966639999999977
0.946664000000002
0.9466639999999984
0.9355520000000013
0.9255519999999997
0.9355520000000013
1.0941599999999987
0.9755519999999969
0.9591600000000007
0.8966640000000012
0.8855520000000006
0.9941600000000008
1.0466639999999998
0.9552720000000008
0.9138799999999989
0.9066639999999992
0.9466639999999984
1.086663999999999
0.956664
0.9402720000000002
0.946664000000002
0.9355519999999977
0.946664000000002
0.9855519999999984
0.9466639999999984
1.086663999999999
0.9466639999999984
0.985552000000002
0.956664
0.9866639999999975
1.0466639999999998
0.9552719999999972
0.9066639999999992
0.946664000000002
1.0466639999999998
0.946664000000002
0.8966640000000012
0.956664
1.086663999999999
0.9466639999999984
0.9355520000000013
1.0466639999999998
0.9302719999999987
0.9855519999999984
0.985552000000002
0.946664000000002
0.9255519999999997
0.9591599999999971
0.9466639999999984
1.086663999999999
0.956664
0.9066640000000028
0.9466639999999984
0.9355519999999977
1.0941600000000022
1.0466639999999998
0.9466639999999984
0.956664
0.985552000000002
0.9755520000000004
1.086663999999999
0.9466639999999984
0.9066640000000028
1.0466639999999998
0.9855519999999984
0.9755520000000004
1.086663999999999
1.0066639999999971
0.9466639999999984
0.9052720000000001
1.0466639999999998
0.9466639999999984
0.956664
1.0902720000000024
1.0488800000000005
0.9574879999999979
0.956664
0.9466639999999984
0.9855519999999984
0.9255519999999997
0.985552000000002
0.9466639999999984
1.0466639999999998
1.0866640000000025
0.9466639999999984
0.9066639999999992
0.9902720000000009
0.9066640000000028
1.0255520000000011
0.956664
0.9966639999999991
1.086663999999999
0.956664
0.946664000000002
0.9855519999999984
1.0466639999999998
0.9552719999999972
1.0888799999999996
0.9855519999999984
0.9966639999999991
0.985552000000002
1.0866640000000025
0.9966639999999991
0.985552000000002
1.0466639999999998
0.9755520000000004
0.9966639999999991
0.956664
1.0902719999999988
0.9988799999999998
1.0466639999999998
0.956664
0.9466639999999984
1.0466639999999998
0.956664
0.9966640000000027
0.9855519999999984
0.9755520000000004
0.9355519999999977
0.9966640000000027
0.956664
1.0902720000000024
0.9066639999999992
0.946664000000002
1.0466639999999998
0.985552000000002
0.9755519999999969
1.086663999999999
1.0066640000000007
0.9966640000000027
0.9466639999999984
1.0066640000000007
0.956664
1.086663999999999
1.0466639999999998
0.9802719999999994
0.9855519999999984
1.0866640000000025
0.9966639999999991
1.0066640000000007
0.9466639999999984
1.0355519999999991
0.9755520000000004
1.086663999999999
0.9966639999999991
1.0755519999999983
1.0095120000000009
0.946664000000002
0.956664
1.0466639999999998
1.005271999999998
1.0888799999999996
0.9224880000000013
0.9560959999999987
0.956664
1.0466639999999998
0.9755520000000004
0.9855519999999984
0.956664
0.9755520000000004
0.9966639999999991
0.956664
1.0902719999999988
1.0466639999999998
1.0052720000000015
0.9888799999999982
0.9755519999999969
0.9591600000000007
0.956664
0.9966640000000027
1.086663999999999
1.0066640000000007
0.9755520000000004
1.0466639999999998
1.0066640000000007
1.0902719999999988
0.9755519999999969
0.956664
0.9966639999999991
1.086663999999999
0.9966639999999991
1.0355519999999991
0.9066639999999992
0.9755520000000004
1.0466639999999998
1.0052720000000015
1.0888799999999996
0.9224879999999978
0.9560960000000023
0.956664
0.9466639999999984
0.9066640000000028
0.9466639999999984
1.086663999999999
0.9855519999999984
0.9755520000000004
0.9755520000000004
0.9591600000000007
1.0466639999999998
0.9966639999999991
0.956664
0.9466639999999984
0.985552000000002
0.956664
1.0902720000000024
0.9488799999999991
0.9966639999999991
1.0802720000000008
0.9638799999999996
0.9966639999999991
0.9855519999999984
1.0866640000000025
0.946664000000002
0.9855519999999984
0.9466639999999984
1.0466639999999998
0.9066639999999992
1.0902719999999988
0.9966639999999991
0.985552000000002
0.9755519999999969
0.9591600000000007
1.0866640000000025
0.9466639999999984
0.9066639999999992
0.956664
0.946664000000002
1.0866640000000025
1.0466639999999998
0.946664000000002
0.956664
1.0466639999999998
0.9755520000000004
0.9855519999999984
0.9755520000000004
1.086663999999999
0.956664
0.946664000000002
0.9066639999999992
1.0466639999999998
0.9966639999999991
0.9855519999999984
0.9966640000000027
0.985552000000002
0.956664
1.0902719999999988
1.0488800000000005
1.0074879999999986
0.9966639999999991
0.985552000000002
0.9466639999999984
0.956664
1.0902720000000024
0.9066639999999992
0.9466639999999984
0.9802719999999994
1.0466639999999998
0.985552000000002
0.9755520000000004
0.9591600000000007
0.9866639999999975
0.956664
0.9966639999999991
0.9866639999999975
0.9466639999999984
0.956664
1.0466639999999998
1.0052720000000015
0.9466639999999984
0.9355520000000013
0.9355520000000013
1.0466639999999998
1.086663999999999
0.9755520000000004
0.9591600000000007
0.9466639999999984
0.956664
1.0466639999999998
0.9966639999999991
0.985552000000002
0.956664
0.9966639999999991
0.956664
1.0902719999999988
0.9988799999999998
0.946664000000002
1.0755519999999983
0.9591600000000007
0.9427680000000009
0.956664
1.086663999999999
0.9755520000000004
0.90916
0.9966640000000027
0.9855519999999984
1.0466639999999998
0.956664
1.0255520000000011
0.9866639999999975
0.9466639999999984
0.9866640000000011
0.956664
0.9966639999999991
0.9066639999999992
0.9466639999999984
0.956664
1.0466639999999998
1.086663999999999
0.9755520000000004
0.956664
0.9755520000000004
0.956664
0.9966640000000027
1.0802720000000008
0.956664
1.0466639999999998
1.0052720000000015
0.9888799999999982
1.0978400000000015
0.956664
0.9966639999999991
0.9052720000000001
1.0066640000000007
0.946664000000002
0.956664
1.0866640000000025
0.9755520000000004
0.9591600000000007
1.0755519999999983
0.9841599999999993
0.956664
0.9966639999999991
0.956664
0.9466639999999984
0.956664
1.0902720000000024
1.0755520000000018
1.03416
0.9927679999999981
0.956664
0.9466639999999984
0.956664
0.9966640000000027
1.086663999999999
0.9966639999999991
0.9855519999999984
1.0466639999999998
0.9966639999999991
0.985552000000002
1.0866640000000025
0.9966639999999991
0.985552000000002
1.0466639999999998
1.0066640000000007
0.8966639999999977
0.956664
0.8966640000000012
0.9066639999999992
0.9466639999999984
1.0802719999999972
0.956664
1.0902720000000024
0.9488799999999991
0.956664
0.9755519999999969
0.985552000000002
0.946664000000002
0.956664
0.9466639999999984
1.0802720000000008
0.956664
1.0902719999999988
0.9988799999999998
0.9866640000000011
0.9855519999999984
0.9755520000000004
1.0466639999999998
0.9966639999999991
0.956664
0.9902720000000009
0.9966639999999991
0.956664
0.9466639999999984
0.9855519999999984
1.0866640000000025
1.0466639999999998
0.9966640000000027
0.9855519999999984
0.8966640000000012
0.9355520000000013
0.9066639999999992
0.9466639999999984
1.0466639999999998
1.086663999999999
0.956664
0.9466639999999984
0.946664000000002
0.9855519999999984
0.956664
1.0466639999999998
0.946664000000002
0.946664000000002
0.9855519999999984
0.9755519999999969
0.9591600000000007
1.0927679999999995
0.956664
0.9966639999999991
0.9866639999999975
1.0755520000000018
0.9591600000000007
0.9966639999999991
0.9755520000000004
0.956664
1.086663999999999
0.9966640000000027
0.956664
1.0755519999999983
0.956664
0.9966639999999991
1.086663999999999
1.0255520000000011
1.0091599999999978
0.9466639999999984
0.9355520000000013
1.0466639999999998
0.9552720000000008
0.9888799999999982
1.097488000000002
0.956664
0.9466639999999984
0.9066639999999992
1.0466639999999998
0.9552720000000008
1.0866640000000025
