0.3466399999999972
0.3466399999999972
0.3466399999999972
0.3466399999999972
0.3466399999999972
0.3466399999999972
0.3466399999999972
0.34663999999999895
0.34663999999999895
0.34663999999999895
0.34663999999999895
0.34663999999999895
0.34663999999999895
0.34663999999999895
0.34663999999999895
0.34663999999999895
0.34663999999999895
0.34663999999999984
0.34663999999999984
0.34663999999999984
0.34663999999999984
0.34663999999999984
0.3466400000000007
0.3466400000000007
0.3466400000000007
0.3466400000000007
0.3466400000000007
0.3466400000000007
0.3466400000000007
0.3466400000000007
0.3466400000000007
0.3466400000000007
0.3466400000000007
0.3466400000000007
0.3466400000000007
0.3466400000000007
0.3466400000000007
0.3466400000000007
0.3466400000000007
0.3466400000000007
0.3466400000000007
0.3466400000000007
0.3466400000000007
0.3466400000000007
0.3466400000000007
0.3466400000000007
0.3466400000000007
0.3466400000000007
0.3466400000000007
0.3466400000000007
0.3466400000000007
0.3466400000000007
0.3466400000000007
0.3466400000000007
0.3466400000000007
0.3466400000000007
0.3466400000000007
0.3466400000000007
0.3466400000000007
0.3466400000000007
0.3466400000000007
0.3466400000000007
0.3466400000000007
0.3466400000000007
0.3466400000000007
0.34668800000000033
0.34668800000000033
0.34668800000000033
0.34668800000000033
0.34668800000000033
0.34668800000000033
0.34668800000000033
0.34668800000000033
0.34668800000000033
0.34668800000000033
0.34668800000000033
0.34668800000000033
0.34668800000000033
0.34668800000000033
0.34668800000000033
0.34668800000000033
0.34668800000000033
0.34668800000000033
0.35663999999999874
0.35663999999999874
0.35663999999999874
0.35663999999999874
0.35663999999999874
0.35663999999999874
0.35663999999999874
0.35663999999999874
0.35663999999999874
0.35663999999999874
0.35663999999999874
0.35663999999999874
0.35663999999999874
0.3566399999999996
0.3566399999999996
0.3566400000000005
0.3566400000000005
0.3566400000000005
0.3566400000000005
0.3566400000000005
0.3566400000000005
0.3566400000000005
0.3566400000000005
0.3566400000000005
0.3566400000000005
0.3566400000000005
0.3566400000000005
0.3566400000000023
0.3566400000000023
0.3566400000000023
0.3566400000000023
0.3566400000000023
0.3566400000000023
0.35668799999999834
0.35668799999999834
0.35668799999999834
0.35668799999999834
0.35668799999999834
0.3566880000000019
0.3566880000000019
0.3566880000000019
0.3566880000000019
0.3966399999999979
0.3966399999999979
0.3966399999999979
0.3966399999999979
0.3966399999999979
0.3966399999999979
0.3966399999999979
0.3966399999999979
0.3966399999999979
0.3966399999999979
0.3966399999999979
0.3966399999999979
0.3966399999999979
0.3966399999999979
0.3966399999999979
0.3966399999999979
0.3966399999999979
0.3966399999999979
0.3966399999999979
0.3966399999999979
0.39663999999999966
0.39663999999999966
0.39663999999999966
0.39663999999999966
0.39663999999999966
0.39663999999999966
0.39663999999999966
0.39663999999999966
0.39663999999999966
0.39663999999999966
0.39663999999999966
0.39663999999999966
0.39663999999999966
0.39663999999999966
0.39663999999999966
0.39663999999999966
0.39663999999999966
0.39663999999999966
0.39663999999999966
0.39663999999999966
0.39663999999999966
0.39663999999999966
0.39663999999999966
0.39663999999999966
0.39663999999999966
0.39663999999999966
0.39663999999999966
0.39663999999999966
0.39663999999999966
0.39663999999999966
0.39663999999999966
0.39663999999999966
0.39663999999999966
0.39663999999999966
0.39663999999999966
0.39663999999999966
0.39663999999999966
0.39663999999999966
0.39663999999999966
0.39663999999999966
0.39663999999999966
0.39663999999999966
0.39663999999999966
0.39663999999999966
0.39663999999999966
0.39663999999999966
0.39663999999999966
0.39663999999999966
0.39663999999999966
0.39663999999999966
0.39664000000000055
0.39664000000000055
0.39664000000000055
0.39664000000000055
0.39664000000000055
0.39664000000000055
0.39664000000000055
0.39664000000000144
0.39664000000000144
0.39664000000000144
0.39664000000000144
0.39664000000000144
0.39664000000000144
0.39664000000000144
0.39664000000000144
0.39664000000000144
0.39664000000000144
0.39664000000000144
0.39664000000000144
0.39664000000000144
0.39664000000000144
0.39664000000000144
0.39664000000000144
0.39664000000000144
0.39664000000000144
0.39664000000000144
0.39664000000000144
0.39664000000000144
0.39664000000000144
0.39664000000000144
0.39664000000000144
0.39664000000000144
0.39664000000000144
0.39664000000000144
0.39664000000000144
0.39664000000000144
0.39664000000000144
0.39664000000000144
0.39664000000000144
0.39664000000000144
0.39664000000000144
0.39664000000000144
0.39664000000000144
0.39664000000000144
0.39664000000000144
0.39664000000000144
0.3966879999999975
0.3966879999999975
0.3966879999999975
0.3966879999999975
0.3966879999999975
0.3966879999999975
0.3966879999999975
0.3966879999999975
0.3966879999999975
0.3966879999999975
0.3966879999999975
0.3966879999999975
0.3966879999999975
0.3966879999999975
0.3966879999999975
0.3966879999999975
0.3966879999999975
0.39668799999999926
0.39668799999999926
0.39668800000000104
0.39668800000000104
0.39668800000000104
0.39668800000000104
0.39668800000000104
0.39668800000000104
0.39668800000000104
0.39668800000000104
0.39668800000000104
0.39668800000000104
0.39668800000000104
0.39668800000000104
0.39668800000000104
0.39668800000000104
0.39668800000000104
0.39668800000000104
0.39668800000000104
0.39668800000000104
0.39668800000000104
0.39668800000000104
0.39668800000000104
0.39668800000000104
0.39668800000000104
0.39668800000000104
0.39668800000000104
0.39668800000000104
0.39668800000000104
0.39668800000000104
0.39668800000000104
0.39668800000000104
0.39668800000000104
0.39668800000000104
0.39668800000000104
0.39668800000000104
0.39668800000000104
0.39668800000000104
0.39668800000000104
0.39668800000000104
0.39668800000000104
0.39668800000000104
0.39668800000000104
0.39668800000000104
0.39668800000000104
0.39668800000000104
0.39668800000000104
0.39668800000000104
0.39668800000000104
0.39668800000000104
0.39668800000000104
0.39668800000000104
0.39668800000000104
0.39668800000000104
0.39668800000000104
0.39668800000000104
0.39668800000000104
0.39668800000000104
0.4052319999999998
0.4052319999999998
0.4052319999999998
0.4052319999999998
0.4052320000000007
0.40528799999999876
0.40528799999999876
0.40528799999999876
0.40528799999999876
0.40528799999999876
0.4052880000000023
0.4052880000000023
0.4052880000000023
0.40663999999999945
0.40663999999999945
0.40663999999999945
0.40663999999999945
0.40663999999999945
0.40663999999999945
0.40663999999999945
0.40663999999999945
0.40663999999999945
0.40663999999999945
0.40663999999999945
0.40663999999999945
0.40663999999999945
0.40663999999999945
0.40663999999999945
0.40663999999999945
0.40663999999999945
0.40663999999999945
0.40663999999999945
0.40663999999999945
0.40663999999999945
0.40663999999999945
0.40663999999999945
0.40663999999999945
0.40663999999999945
0.40663999999999945
0.40663999999999945
0.40663999999999945
0.40663999999999945
0.40663999999999945
0.40663999999999945
0.40663999999999945
0.40663999999999945
0.40663999999999945
0.40663999999999945
0.40663999999999945
0.40663999999999945
0.40663999999999945
0.40663999999999945
0.40663999999999945
0.40663999999999945
0.40663999999999945
0.40663999999999945
0.40663999999999945
0.40663999999999945
0.40663999999999945
0.40663999999999945
0.40663999999999945
0.40663999999999945
0.40663999999999945
0.40663999999999945
0.40663999999999945
0.40663999999999945
0.40663999999999945
0.40663999999999945
0.40663999999999945
0.40663999999999945
0.40663999999999945
0.40663999999999945
0.40663999999999945
0.40663999999999945
0.40663999999999945
0.40663999999999945
0.40663999999999945
0.40663999999999945
0.40663999999999945
0.40663999999999945
0.40663999999999945
0.40663999999999945
0.40663999999999945
0.40663999999999945
0.40663999999999945
0.40663999999999945
0.40663999999999945
0.40663999999999945
0.40663999999999945
0.40663999999999945
0.40663999999999945
0.40663999999999945
0.40663999999999945
0.40663999999999945
0.40663999999999945
0.40663999999999945
0.40663999999999945
0.40663999999999945
0.40663999999999945
0.40663999999999945
0.40664000000000033
0.40664000000000033
0.40664000000000033
0.40664000000000033
0.40664000000000033
0.40664000000000033
0.40664000000000033
0.40664000000000033
0.40664000000000033
0.40664000000000033
0.40664000000000033
0.40664000000000033
0.4066400000000012
0.4066400000000012
0.4066400000000012
0.4066400000000012
0.4066400000000012
0.4066400000000012
0.4066400000000012
0.4066400000000012
0.4066400000000012
0.4066400000000012
0.4066400000000012
0.4066400000000012
0.4066400000000012
0.4066400000000012
0.4066400000000012
0.4066400000000012
0.4066400000000012
0.4066400000000012
0.4066400000000012
0.4066400000000012
0.4066400000000012
0.4066400000000012
0.4066400000000012
0.4066400000000012
0.4066400000000012
0.4066400000000012
0.4066400000000012
0.406640000000003
0.406640000000003
0.406640000000003
0.406640000000003
0.406640000000003
0.406640000000003
0.406640000000003
0.406640000000003
0.406640000000003
0.406640000000003
0.40668799999999905
0.40668799999999905
0.40668799999999905
0.40668799999999905
0.40668799999999905
0.40668799999999905
0.40668799999999905
0.40668799999999905
0.40668799999999905
0.40668799999999905
0.40668799999999905
0.40668799999999905
0.40668799999999905
0.40668799999999905
0.40668799999999905
0.40668799999999905
0.40668799999999905
0.40668799999999905
0.40668799999999905
0.40668799999999905
0.40668799999999905
0.40668799999999905
0.40668799999999905
0.40668799999999905
0.40668799999999905
0.40668799999999905
0.40668799999999905
0.40668799999999905
0.40668799999999905
0.40668799999999905
0.40668799999999905
0.40668799999999905
0.40668799999999905
0.40668799999999905
0.40668799999999905
0.40668799999999905
0.40668799999999905
0.40668799999999905
0.40668799999999905
0.40668799999999905
0.40668799999999905
0.40668799999999905
0.40668799999999905
0.40668799999999905
0.40668799999999905
0.40668799999999905
0.40668799999999905
0.40668799999999905
0.40668799999999905
0.40668799999999905
0.40668799999999905
0.40668799999999905
0.40668799999999905
0.40668799999999905
0.40668799999999905
0.40668799999999905
0.40668799999999905
0.40668799999999905
0.40668799999999905
0.40668799999999905
0.40668799999999905
0.40668799999999905
0.40668799999999905
0.40668799999999905
0.40668799999999905
0.40668799999999905
0.40668799999999905
0.40668799999999905
0.40668799999999905
0.40668799999999905
0.40668799999999905
0.40668799999999905
0.40668799999999905
0.40668799999999905
0.40668799999999905
0.40668799999999905
0.40668799999999905
0.40668799999999905
0.40668799999999905
0.40668799999999905
0.40668799999999905
0.40668799999999905
0.40668799999999905
0.40668799999999905
0.40668799999999905
0.40668799999999905
0.40668799999999905
0.40668799999999905
0.40668799999999905
0.40668799999999905
0.40668799999999905
0.40668799999999905
0.40668799999999905
0.4066880000000008
0.4066880000000008
0.4066880000000008
0.4066880000000008
0.4066880000000008
0.4066880000000008
0.4066880000000008
0.4066880000000008
0.4066880000000008
0.4066880000000026
0.4066880000000026
0.4066880000000026
0.4066880000000026
0.4066880000000026
0.4066880000000026
0.4066880000000026
0.4066880000000026
0.4066880000000026
0.4066880000000026
0.4066880000000026
0.4066880000000026
0.4066880000000026
0.4066880000000026
0.4066880000000026
0.4066880000000026
0.4066880000000026
0.4066880000000026
0.4066880000000026
0.4066880000000026
0.4066880000000026
0.4066880000000026
0.4066880000000026
0.4066880000000026
0.4466399999999986
0.44664000000000037
0.44664000000000037
0.44664000000000037
0.4466879999999982
0.4466879999999982
0.4466879999999982
0.4466879999999982
0.4466879999999982
0.4466879999999982
0.4466879999999982
0.446688
0.446688
0.446688
0.44668800000000175
0.44668800000000175
0.44668800000000175
0.44668800000000175
0.44668800000000175
0.44668800000000175
0.45523199999999875
0.45523199999999875
0.45523199999999964
0.45523199999999964
0.4552320000000005
0.4552320000000005
0.4552320000000005
0.4552320000000005
0.4552320000000005
0.4552320000000005
0.4552320000000005
0.4552479999999992
0.45528799999999947
0.45528799999999947
0.45528799999999947
0.45528799999999947
0.45528799999999947
0.45528799999999947
0.45528799999999947
0.45528799999999947
0.45528799999999947
0.45528799999999947
0.45528799999999947
0.45528799999999947
0.45528799999999947
0.45528799999999947
0.45528799999999947
0.45528799999999947
0.45528799999999947
0.45528799999999947
0.45528799999999947
0.45528799999999947
0.45528799999999947
0.45528799999999947
0.45528799999999947
0.45528799999999947
0.45528800000000125
0.455288000000003
0.455288000000003
0.455288000000003
0.455288000000003
0.455288000000003
0.455288000000003
0.4966399999999993
0.4966399999999993
0.4966880000000007
0.4966880000000007
0.4966880000000007
0.49715733900000014
0.4985813339999998
0.4986373339999979
0.49863733399999965
0.49863733399999965
0.49863733399999965
0.49863733400000143
0.49863733400000143
0.49863733400000143
0.49863733400000143
0.5038960059999997
0.5038960059999997
0.5066399999999991
0.50664
0.50664
0.50664
0.50664
0.5066879999999969
0.5066879999999987
0.5066879999999987
0.5066880000000005
0.5066880000000005
0.5066880000000005
0.5066880000000005
0.5066880000000005
0.5066880000000005
0.5066880000000005
0.5066880000000005
0.5066880000000005
0.5066880000000005
0.5066880000000005
0.5066880000000005
0.5066880000000005
0.5066880000000005
0.5066880000000005
0.5466399999999991
0.5466399999999991
0.5466399999999991
0.5466399999999991
0.54664
0.54664
0.54664
0.54664
0.54664
0.54664
0.54664
0.54664
0.54664
0.54664
0.54664
0.54664
0.54664
0.54664
0.54664
0.54664
0.54664
0.54664
0.54664
0.54664
0.54664
0.54664
0.54664
0.54664
0.54664
0.54664
0.54664
0.54664
0.54664
0.54664
0.54664
0.54664
0.54664
0.54664
0.54664
0.54664
0.54664
0.54664
0.54664
0.54664
0.54664
0.54664
0.54664
0.54664
0.54664
0.54664
0.54664
0.54664
0.54664
0.54664
0.54664
0.54664
0.54664
0.54664
0.54664
0.54664
0.54664
0.54664
0.54664
0.54664
0.54664
0.54664
0.54664
0.54664
0.54664
0.54664
0.54664
0.54664
0.54664
0.54664
0.54664
0.54664
0.54664
0.54664
0.54664
0.54664
0.54664
0.5466400000000009
0.5466879999999996
0.5466879999999996
0.5466879999999996
0.5466879999999996
0.5466879999999996
0.5466879999999996
0.5466879999999996
0.5466879999999996
0.5466879999999996
0.5466879999999996
0.5466879999999996
0.5466879999999996
0.5466879999999996
0.5466879999999996
0.5466879999999996
0.5466879999999996
0.5466879999999996
0.5466879999999996
0.5466879999999996
0.5466879999999996
0.5466879999999996
0.5466879999999996
0.5466879999999996
0.5466879999999996
0.5466879999999996
0.5466879999999996
0.5466879999999996
0.5466879999999996
0.5466879999999996
0.5466879999999996
0.5466879999999996
0.5466879999999996
0.5466879999999996
0.5466879999999996
0.5466879999999996
0.5466879999999996
0.5466879999999996
0.5466879999999996
0.5466879999999996
0.5466879999999996
0.5466879999999996
0.5466879999999996
0.5466879999999996
0.5466879999999996
0.5466879999999996
0.5466879999999996
0.5466879999999996
0.5466879999999996
0.5466879999999996
0.5466879999999996
0.5466879999999996
0.5466879999999996
0.5466879999999996
0.5466879999999996
0.5466879999999996
0.5466879999999996
0.5466879999999996
0.5466879999999996
0.5466879999999996
0.5466879999999996
0.5466879999999996
0.5466879999999996
0.5466879999999996
0.5466879999999996
0.5466879999999996
0.5466879999999996
0.5466879999999996
0.5466879999999996
0.5466879999999996
0.5466879999999996
0.5466879999999996
0.5466879999999996
0.5466879999999996
0.5466879999999996
0.5466879999999996
0.5466879999999996
0.5466879999999996
0.5466879999999996
0.5466879999999996
0.5466879999999996
0.5466879999999996
0.5466879999999996
0.5466879999999996
0.5466879999999996
0.5466879999999996
0.5466879999999996
0.5466879999999996
0.5466879999999996
0.5466879999999996
0.5466879999999996
0.5466879999999996
0.5466879999999996
0.5466879999999996
0.5466879999999996
0.5466879999999996
0.5466879999999996
0.5466879999999996
0.5466879999999996
0.5466879999999996
0.5466879999999996
0.5466879999999996
0.5466879999999996
0.5466879999999996
0.5466879999999996
0.5466879999999996
0.5466879999999996
0.5466879999999996
0.5466879999999996
0.5466879999999996
0.5466879999999996
0.5466879999999996
0.5466879999999996
0.5466879999999996
0.5466879999999996
0.5466879999999996
0.5466879999999996
0.5466879999999996
0.5466879999999996
0.5466879999999996
0.5466879999999996
0.5466879999999996
0.5466879999999996
0.5466879999999996
0.5466879999999996
0.5466879999999996
0.5466879999999996
0.5466879999999996
0.5466879999999996
0.5466879999999996
0.5466879999999996
0.5466879999999996
0.5466879999999996
0.5466879999999996
0.5466879999999996
0.5466879999999996
0.5466879999999996
0.5466879999999996
0.5466879999999996
0.5466879999999996
0.5466879999999996
0.5466879999999996
0.5466879999999996
0.5466879999999996
0.5466879999999996
0.5466879999999996
0.5466879999999996
0.5466879999999996
0.5466879999999996
0.5466879999999996
0.5466879999999996
0.5466879999999996
0.5466879999999996
0.5466879999999996
0.5466879999999996
0.5466879999999996
0.5466879999999996
0.5466879999999996
0.5466879999999996
0.5466879999999996
0.5466879999999996
0.5466879999999996
0.5466879999999996
0.5466879999999996
0.5466879999999996
0.5466879999999996
0.5466879999999996
0.5466879999999996
0.5466879999999996
0.5466879999999996
0.5466879999999996
0.5466879999999996
0.5466879999999996
0.5466879999999996
0.5466879999999996
0.5466879999999996
0.5466879999999996
0.5466879999999996
0.5466879999999996
0.5466879999999996
0.5466879999999996
0.5466879999999996
0.5466879999999996
0.5466879999999996
0.5466879999999996
0.5466879999999996
0.5466879999999996
0.5466879999999996
0.5466879999999996
0.5466879999999996
0.5466879999999996
0.5466879999999996
0.5466879999999996
0.5466879999999996
0.5466879999999996
0.5466879999999996
0.5466879999999996
0.5466879999999996
0.5466879999999996
0.5466879999999996
0.5466879999999996
0.5466879999999996
0.5466879999999996
0.5466879999999996
0.5466879999999996
0.5466879999999996
0.5466879999999996
0.5466879999999996
0.5466879999999996
0.5466879999999996
0.5466879999999996
0.5466879999999996
0.5466879999999996
0.5466879999999996
0.5466879999999996
0.5466879999999996
0.5466879999999996
0.5466879999999996
0.5466879999999996
0.5466879999999996
0.5466879999999996
0.5466879999999996
0.5466879999999996
0.5466879999999996
0.5466879999999996
0.5466879999999996
0.5466879999999996
0.5466879999999996
0.5466879999999996
0.5466879999999996
0.5466879999999996
0.5466879999999996
0.5466879999999996
0.5466879999999996
0.5466879999999996
0.5466879999999996
0.5466879999999996
0.5466879999999996
0.5466879999999996
0.5466879999999996
0.5466879999999996
0.5466879999999996
0.5466879999999996
0.5466879999999996
0.5466879999999996
0.5466879999999996
0.5466879999999996
0.5466879999999996
0.5466879999999996
0.5466879999999996
0.5466879999999996
0.5466879999999996
0.5466879999999996
0.5466879999999996
0.5466879999999996
0.5466879999999996
0.5466879999999996
0.5466879999999996
0.5466879999999996
0.5466879999999996
0.5466879999999996
0.5466879999999996
0.5466879999999996
0.5466879999999996
0.5466879999999996
0.5466879999999996
0.5466879999999996
0.5466879999999996
0.5466879999999996
0.5466879999999996
0.5466879999999996
0.5466879999999996
0.5466879999999996
0.5466879999999996
0.5466879999999996
0.5466879999999996
0.5466879999999996
0.5466879999999996
0.5466879999999996
0.5466879999999996
0.5466879999999996
0.5466879999999996
0.5466879999999996
0.5466879999999996
0.5466879999999996
0.5466879999999996
0.5466879999999996
0.5466879999999996
0.5466879999999996
0.5466879999999996
0.5466879999999996
0.5466879999999996
0.5466879999999996
0.5466879999999996
0.5466879999999996
0.5466879999999996
0.5466879999999996
0.5466879999999996
0.5466879999999996
0.5466879999999996
0.5466879999999996
0.5466879999999996
0.5466879999999996
0.5466879999999996
0.5466879999999996
0.5466879999999996
0.5466879999999996
0.5466879999999996
0.5466879999999996
0.5466879999999996
0.5466879999999996
0.5466879999999996
0.5466879999999996
0.5466879999999996
0.5466879999999996
0.5466879999999996
0.5466879999999996
0.5466879999999996
0.5466879999999996
0.5466879999999996
0.5466879999999996
0.5466879999999996
0.5466879999999996
0.5466879999999996
0.5466879999999996
0.5466879999999996
0.5466879999999996
0.5466879999999996
0.5466879999999996
0.5466879999999996
0.5466879999999996
0.5466879999999996
0.5466879999999996
0.5466879999999996
0.5466879999999996
0.5466879999999996
0.5466880000000014
0.5466880000000014
0.5466880000000014
0.5466880000000014
0.5466880000000014
0.5466880000000014
0.5466880000000014
0.5466880000000014
0.5466880000000014
0.5466880000000014
0.5466880000000014
0.5466880000000014
0.5466880000000014
0.5466880000000014
0.5466880000000014
0.5466880000000014
0.5466880000000014
0.5466880000000014
0.5466880000000014
0.5466880000000014
0.5466880000000014
0.5466880000000014
0.5466880000000014
0.5466880000000014
0.5466880000000014
0.5466880000000014
0.5466880000000014
0.5466880000000014
0.5466880000000014
0.5466880000000032
0.5466880000000032
0.5466880000000032
0.5466880000000032
0.5466880000000032
0.5466880000000032
0.5466880000000032
0.5466880000000032
0.5466880000000032
0.5466880000000032
0.5466880000000032
0.5466880000000032
0.5485813329999996
0.5485813329999996
0.5485813330000004
0.5485813330000004
0.5485813330000004
0.5486373330000003
0.5486373330000003
0.5552320039999996
0.5552880040000012
0.5552880049999978
0.5552880049999978
0.5552880049999995
0.5552880050000013
0.5566399999999998
0.5566399999999998
0.5566399999999998
0.5566399999999998
0.5566399999999998
0.5566399999999998
0.5566399999999998
0.5566399999999998
0.5566399999999998
0.5566399999999998
0.5566399999999998
0.5566399999999998
0.5566399999999998
0.5566399999999998
0.5566399999999998
0.5566399999999998
0.5566399999999998
0.5566399999999998
0.5566399999999998
0.5566399999999998
0.5566399999999998
0.5566399999999998
0.5566399999999998
0.5566399999999998
0.5566399999999998
0.5566399999999998
0.5566399999999998
0.5566399999999998
0.5566399999999998
0.5566399999999998
0.5566399999999998
0.5566399999999998
0.5566399999999998
0.5566399999999998
0.5566399999999998
0.5566399999999998
0.5566399999999998
0.5566399999999998
0.5566399999999998
0.5566399999999998
0.5566399999999998
0.5566399999999998
0.5566399999999998
0.5566399999999998
0.5566399999999998
0.5566399999999998
0.5566399999999998
0.5566399999999998
0.5566399999999998
0.5566399999999998
0.5566399999999998
0.5566399999999998
0.5566399999999998
0.5566399999999998
0.5566399999999998
0.5566399999999998
0.5566399999999998
0.5566399999999998
0.5566399999999998
0.5566399999999998
0.5566399999999998
0.5566399999999998
0.5566399999999998
0.5566399999999998
0.5566399999999998
0.5566399999999998
0.5566399999999998
0.5566399999999998
0.5566399999999998
0.5566399999999998
0.5566399999999998
0.5566399999999998
0.5566399999999998
0.5566399999999998
0.5566399999999998
0.5566399999999998
0.5566399999999998
0.5566399999999998
0.5566400000000007
0.5566400000000007
0.5566400000000007
0.5566400000000007
0.5566400000000007
0.5566400000000007
0.5566879999999976
0.5566879999999976
0.5566879999999976
0.5566879999999976
0.5566879999999976
0.5566879999999976
0.5566879999999976
0.5566879999999976
0.5566879999999976
0.5566879999999976
0.5566879999999976
0.5566879999999976
0.5566879999999976
0.5566879999999976
0.5566879999999976
0.5566879999999976
0.5566879999999976
0.5566879999999976
0.5566879999999976
0.5566879999999976
0.5566879999999976
0.5566879999999976
0.5566879999999976
0.5566879999999976
0.5566879999999976
0.5566879999999976
0.5566879999999976
0.5566879999999976
0.5566879999999976
0.5566879999999976
0.5566879999999976
0.5566879999999976
0.5566879999999976
0.5566879999999976
0.5566879999999976
0.5566879999999976
0.5566879999999976
0.5566879999999976
0.5566879999999976
0.5566879999999976
0.5566879999999976
0.5566879999999976
0.5566879999999976
0.5566879999999976
0.5566879999999976
0.5566879999999976
0.5566879999999976
0.5566879999999976
0.5566879999999976
0.5566879999999976
0.5566879999999976
0.5566879999999976
0.5566879999999976
0.5566879999999976
0.5566879999999976
0.5566879999999976
0.5566879999999976
0.5566879999999976
0.5566879999999976
0.5566879999999976
0.5566879999999976
0.5566879999999976
0.5566879999999976
0.5566879999999976
0.5566879999999976
0.5566879999999976
0.5566879999999976
0.5566879999999976
0.5566879999999976
0.5566879999999976
0.5566879999999976
0.5566879999999976
0.5566879999999976
0.5566879999999976
0.5566879999999976
0.5566879999999976
0.5566879999999976
0.5566879999999976
0.5566879999999976
0.5566879999999976
0.5566879999999976
0.5566879999999976
0.5566879999999976
0.5566879999999976
0.5566879999999976
0.5566879999999976
0.5566879999999976
0.5566879999999976
0.5566879999999976
0.5566879999999976
0.5566879999999976
0.5566879999999976
0.5566879999999976
0.5566879999999976
0.5566879999999976
0.5566879999999976
0.5566879999999976
0.5566879999999976
0.5566879999999976
0.5566879999999994
0.5566879999999994
0.5566879999999994
0.5566879999999994
0.5566879999999994
0.5566879999999994
0.5566879999999994
0.5566879999999994
0.5566879999999994
0.5566879999999994
0.5566879999999994
0.5566879999999994
0.5566879999999994
0.5566879999999994
0.5566879999999994
0.5566879999999994
0.5566879999999994
0.5566879999999994
0.5566879999999994
0.5566879999999994
0.5566879999999994
0.5566879999999994
0.5566879999999994
0.5566879999999994
0.5566879999999994
0.5566879999999994
0.5566879999999994
0.5566879999999994
0.5566879999999994
0.5566879999999994
0.5566879999999994
0.5566879999999994
0.5566879999999994
0.5566879999999994
0.5566879999999994
0.5566879999999994
0.5566879999999994
0.5566879999999994
0.5566879999999994
0.5566879999999994
0.5566879999999994
0.5566879999999994
0.5566879999999994
0.5566879999999994
0.5566879999999994
0.5566879999999994
0.5566879999999994
0.5566879999999994
0.5566879999999994
0.5566879999999994
0.5566879999999994
0.5566879999999994
0.5566879999999994
0.5566879999999994
0.5566879999999994
0.5566879999999994
0.5566879999999994
0.5566879999999994
0.5566879999999994
0.5566879999999994
0.5566879999999994
0.5566879999999994
0.5566879999999994
0.5566880000000012
0.5566880000000012
0.5566880000000012
0.5566880000000012
0.5566880000000012
0.5566880000000012
0.5566880000000012
0.5566880000000012
0.5566880000000012
0.5566880000000012
0.5566880000000012
0.5566880000000012
0.5566880000000012
0.5566880000000012
0.5566880000000012
0.5566880000000012
0.5566880000000012
0.5566880000000012
0.5566880000000012
0.5566880000000012
0.5566880000000012
0.5566880000000012
0.5566880000000012
0.5566880000000012
0.5566880000000012
0.5566880000000012
0.5566880000000012
0.5566880000000012
0.5566880000000012
0.5566880000000012
0.5566880000000012
0.5566880000000012
0.5566880000000012
0.5566880000000012
0.5566880000000012
0.5566880000000012
0.5566880000000012
0.5566880000000012
0.5566880000000012
0.5566880000000012
0.5566880000000012
0.5566880000000012
0.5566880000000012
0.5566880000000012
0.5566880000000012
0.5566880000000012
0.5566880000000012
0.5566880000000012
0.5566880000000012
0.5566880000000012
0.5566880000000012
0.5566880000000012
0.5566880000000012
0.5566880000000012
0.5566880000000012
0.5566880000000012
0.5566880000000012
0.5566880000000012
0.5566880000000012
0.5566880000000012
0.5566880000000012
0.5566880000000012
0.5566880000000012
0.5566880000000012
0.5566880000000012
0.5566880000000012
0.5566880000000012
0.5566880000000012
0.5566880000000012
0.5566880000000012
0.5566880000000012
0.5566880000000012
0.5566880000000012
0.5566880000000012
0.5566880000000012
0.5566880000000012
0.5566880000000012
0.5566880000000012
0.5566880000000012
0.5566880000000012
0.5566880000000012
0.5566880000000012
0.5566880000000012
0.5566880000000012
0.5566880000000012
0.5566880000000012
0.5566880000000012
0.5566880000000012
0.5566880000000012
0.5566880000000012
0.5566880000000012
0.5566880000000012
0.5566880000000012
0.5566880000000012
0.5566880000000012
0.5566880000000012
0.5566880000000012
0.5566880000000012
0.5566880000000012
0.5566880000000012
0.5566880000000012
0.5566880000000012
0.5566880000000012
0.5566880000000012
0.5566880000000012
0.5566880000000012
0.5566880000000012
0.5566880000000012
0.5566880000000012
0.5566880000000012
0.5566880000000012
0.5566880000000012
0.5566880000000012
0.5566880000000012
0.5566880000000012
0.5566880000000012
0.5566880000000012
0.5566880000000012
0.5566880000000012
0.5566880000000012
0.5566880000000012
0.5566880000000012
0.5566880000000012
0.5566880000000012
0.5566880000000012
0.5566880000000012
0.5566880000000012
0.5566880000000012
0.5566880000000012
0.5566880000000012
0.5566880000000012
0.5566880000000012
0.5566880000000012
0.5566880000000012
0.5566880000000012
0.5566880000000012
0.5566880000000012
0.5566880000000012
0.5566880000000012
0.5566880000000012
0.5566880000000012
0.5566880000000012
0.5566880000000012
0.5566880000000012
0.5566880000000012
0.5566880000000012
0.5566880000000012
0.5566880000000012
0.5566880000000012
0.5566880000000012
0.5566880000000012
0.5566880000000012
0.5566880000000012
0.5566880000000012
0.5566880000000012
0.5566880000000012
0.5566880000000012
0.5566880000000012
0.5566880000000012
0.5566880000000012
0.5566880000000012
0.5566880000000012
0.5566880000000012
0.5566880000000012
0.5566880000000012
0.5566880000000012
0.5566880000000012
0.5566880000000012
0.5566880000000012
0.5566880000000012
0.5566880000000012
0.5566880000000012
0.5566880000000012
0.5566880000000012
0.5566880000000012
0.5566880000000012
0.5566880000000012
0.5566880000000012
0.5566880000000012
0.5566880000000012
0.5566880000000012
0.5566880000000012
0.5566880000000012
0.5566880000000012
0.5566880000000012
0.5566880000000012
0.5566880000000012
0.5566880000000012
0.5566880000000012
0.5566880000000012
0.5566880000000012
0.5618906710000005
0.5618906719999988
0.5618986719999999
0.5619466719999977
0.5619466719999977
0.5619466719999977
0.5619466719999995
0.5619466719999995
0.5619466719999995
0.5619466719999995
0.5619466719999995
0.5619466719999995
0.5619466720000013
0.5619466720000013
0.5619466720000013
0.5619466720000013
0.5619466720000013
0.5619466720000013
0.5619466720000013
0.5619466720000013
0.5619466720000013
0.5619466720000013
0.5619466720000013
0.5619466720000013
0.5619466720000013
0.5619466720000013
0.5619466720000013
0.5619466720000013
0.5619466720000013
0.5619466720000013
0.5638880040000007
0.5866160000000002
0.5866160000000002
0.586663999999999
0.586663999999999
0.586663999999999
0.586663999999999
0.586663999999999
0.586663999999999
0.586663999999999
0.586663999999999
0.586663999999999
0.586663999999999
0.586663999999999
0.586663999999999
0.586663999999999
0.586663999999999
0.586663999999999
0.586663999999999
0.586663999999999
0.586663999999999
0.586663999999999
0.586663999999999
0.5866640000000007
0.5866640000000007
0.5866640000000007
0.5866640000000007
0.5866640000000007
0.5866640000000025
0.5866640000000025
0.5866640000000025
0.5886053360000005
0.5886053360000005
0.5886053360000005
0.5886053360000005
0.590482669
0.590482669
0.5905466690000001
0.5905466690000019
0.5905466690000019
0.5905466690000019
0.5966879999999986
0.5966880000000003
0.5966880000000003
0.5966880000000003
0.5966880000000003
0.5966880000000003
0.5966880000000003
0.5966880000000003
0.5966880000000003
0.5966880000000003
0.5966880000000003
0.5966880000000003
0.6466159999999981
0.6466159999999981
0.6466159999999981
0.6466159999999981
0.6466159999999981
0.6466159999999981
0.6466159999999981
0.6466159999999999
0.6466159999999999
0.6466159999999999
0.6466159999999999
0.6466159999999999
0.6466159999999999
0.6466159999999999
0.6466159999999999
0.6466159999999999
0.6466159999999999
0.6466159999999999
0.6466159999999999
0.6466159999999999
0.6466159999999999
0.6466159999999999
0.6466159999999999
0.6466159999999999
0.6466159999999999
0.6466160000000007
0.6466160000000007
0.6466160000000016
0.6466160000000016
0.6466160000000016
0.6466160000000016
0.6466160000000016
0.6466160000000016
0.6466160000000016
0.6466160000000016
0.6466160000000016
0.6466160000000016
0.6466639999999977
0.6466639999999977
0.6466639999999977
0.6466639999999977
0.6466639999999977
0.6466639999999977
0.6466639999999977
0.6466639999999977
0.6466639999999995
0.6466639999999995
0.6466639999999995
0.6466639999999995
0.6466639999999995
0.6466640000000012
0.6466640000000012
0.6466640000000012
0.6466640000000012
0.6466640000000012
0.6466640000000012
0.6466640000000012
0.6466640000000012
0.6466640000000012
0.6466640000000012
0.6466640000000012
0.6466640000000012
0.6466640000000012
0.6466640000000012
0.6466640000000012
0.6466640000000012
0.6466640000000012
0.6486053349999992
0.6486053349999992
0.6486053349999992
0.6486053349999992
0.6486053349999992
0.6486053349999992
0.6486053349999992
0.6486053349999992
0.6486053349999992
0.6486053349999992
0.6486053349999992
0.6486053349999992
0.6486053349999992
0.648605335000001
0.6486053350000027
0.7466159999999995
0.7466160000000004
0.7466639999999991
0.7466639999999991
0.7466639999999991
0.7466639999999991
0.7466639999999991
0.7466639999999991
0.7466639999999991
0.7466639999999991
0.746664
0.7466640000000009
0.7466640000000027
0.7466640000000027
0.7466640000000027
0.7486053339999987
0.7552320000000003
0.7552719999999997
0.7566159999999993
0.7566159999999993
0.7566160000000002
0.7566160000000002
0.7566160000000002
0.7566160000000002
0.7566639999999989
0.7566639999999989
0.7566639999999998
0.7566639999999998
0.7566639999999998
0.7566640000000007
0.7566640000000007
0.7566640000000007
0.7566640000000007
0.7566640000000007
0.7566640000000007
0.7566640000000007
0.7566640000000007
0.7566640000000007
0.7566640000000007
0.7566640000000007
0.7566640000000007
0.7566640000000007
0.7566640000000007
0.7566640000000007
0.7572133339999993
0.7619386650000024
0.7638800010000004
0.7658213340000017
0.7866159999999986
0.7866159999999986
0.7866159999999986
0.7866159999999986
0.7866159999999986
0.7866159999999986
0.7866159999999986
0.7866159999999986
0.7866159999999986
0.7866159999999986
0.7866159999999986
0.7866159999999986
0.7866159999999986
0.7866159999999986
0.7866159999999986
0.7866159999999986
0.7866159999999986
0.7866159999999986
0.7866159999999986
0.7866159999999986
0.7866159999999986
0.7866159999999986
0.7866159999999986
0.7866159999999986
0.7866159999999995
0.7866159999999995
0.7866159999999995
0.7866160000000004
0.7866160000000004
0.7866160000000004
0.7866160000000004
0.7866160000000004
0.7866160000000004
0.7866160000000004
0.7866160000000004
0.7866160000000004
0.7866160000000004
0.7866160000000004
0.7866160000000004
0.7866160000000004
0.7866160000000004
0.7866160000000004
0.7866160000000004
0.7866160000000004
0.7866160000000004
0.7866160000000004
0.7866160000000004
0.7866160000000004
0.7866160000000004
0.7866160000000004
0.7866160000000004
0.7866160000000004
0.7866160000000022
0.7866160000000022
0.7866160000000022
0.7866160000000022
0.7866160000000022
0.7866160000000022
0.7866160000000022
0.7866160000000022
0.7866160000000022
0.7866160000000022
0.7866160000000022
0.7866160000000022
0.7866160000000022
0.7866639999999983
0.7866639999999983
0.7866639999999983
0.7866639999999983
0.7866639999999983
0.7866639999999983
0.7866639999999983
0.7866639999999983
0.7866639999999983
0.7866639999999983
0.7866639999999983
0.7866640000000018
0.7866640000000018
0.7866640000000018
0.7866640000000018
0.7866640000000018
0.7866640000000018
0.7866640000000018
0.7902720000000008
0.7966159999999984
0.7966159999999993
0.7966159999999993
0.7966159999999993
0.7966160000000002
0.7966160000000002
0.7966160000000002
0.7966160000000002
0.7966160000000002
0.7966160000000002
0.7966160000000002
0.7966160000000002
0.7966160000000002
0.7966160000000002
0.7966160000000002
0.7966160000000002
0.7966160000000002
0.7966160000000011
0.7966160000000011
0.796663999999998
0.7966639999999998
0.7966639999999998
0.7966639999999998
0.7966639999999998
0.7966639999999998
0.7966639999999998
0.7966639999999998
0.7966639999999998
0.7966639999999998
0.7966639999999998
0.7966639999999998
0.7966639999999998
0.7966639999999998
0.7966639999999998
0.7966639999999998
0.7966639999999998
0.7966639999999998
0.7966639999999998
0.7966639999999998
0.7966639999999998
0.7966639999999998
0.7966639999999998
0.7966639999999998
0.7966639999999998
0.7966639999999998
0.7966639999999998
0.7966639999999998
0.7966639999999998
0.7966639999999998
0.7966639999999998
0.7966639999999998
0.7966639999999998
0.7966639999999998
0.7966639999999998
0.7966639999999998
0.7966639999999998
0.7966639999999998
0.7966639999999998
0.7966639999999998
0.7966639999999998
0.7966639999999998
0.7966639999999998
0.7966639999999998
0.7966639999999998
0.7966639999999998
0.7966639999999998
0.7966639999999998
0.7966639999999998
0.7966639999999998
0.7966639999999998
0.7966639999999998
0.7966639999999998
0.7966639999999998
0.7966639999999998
0.7966639999999998
0.7966639999999998
0.7966639999999998
0.7966639999999998
0.7966639999999998
0.7966639999999998
0.7966639999999998
0.7966639999999998
0.7966639999999998
0.7966639999999998
0.7966639999999998
0.7966639999999998
0.7966639999999998
0.7966639999999998
0.7966639999999998
0.7966639999999998
0.7966639999999998
0.7966639999999998
0.7966639999999998
0.7966639999999998
0.7966639999999998
0.7966639999999998
0.7966639999999998
0.7966639999999998
0.7966639999999998
0.7966639999999998
0.7966639999999998
0.7966639999999998
0.7966639999999998
0.7966639999999998
0.7966639999999998
0.7966639999999998
0.7966639999999998
0.7966639999999998
0.7966639999999998
0.7966639999999998
0.7966639999999998
0.7966639999999998
0.7966639999999998
0.7966639999999998
0.7966639999999998
0.7966639999999998
0.7966639999999998
0.7966639999999998
0.7966639999999998
0.7966639999999998
0.7966639999999998
0.7966639999999998
0.7966639999999998
0.7966639999999998
0.7966639999999998
0.7966639999999998
0.7966639999999998
0.7966639999999998
0.7966639999999998
0.7966639999999998
0.7966639999999998
0.7966639999999998
0.7966639999999998
0.7966639999999998
0.7966639999999998
0.7966639999999998
0.7966639999999998
0.7966639999999998
0.7966639999999998
0.7966639999999998
0.7966639999999998
0.7966639999999998
0.7966639999999998
0.7966639999999998
0.7966639999999998
0.7966639999999998
0.7966639999999998
0.7966639999999998
0.7966639999999998
0.7966639999999998
0.7966639999999998
0.7966639999999998
0.7966639999999998
0.7966639999999998
0.7966639999999998
0.7966639999999998
0.7966639999999998
0.7966639999999998
0.7966639999999998
0.7966639999999998
0.7966639999999998
0.7966639999999998
0.7966639999999998
0.7966639999999998
0.7966639999999998
0.7966639999999998
0.7966639999999998
0.7966639999999998
0.7966639999999998
0.7966639999999998
0.7966639999999998
0.7966640000000007
0.7966640000000007
0.7966640000000016
0.7966640000000016
0.7966640000000016
0.7966640000000016
0.7966640000000016
0.7966640000000016
0.7966640000000016
0.7966640000000016
0.7966640000000016
0.7966640000000034
0.7966640000000034
0.7966640000000034
0.7966640000000034
0.7966640000000034
0.7972133320000001
0.7985493339999996
0.7986053329999976
0.7986053330000011
0.7986053339999977
0.7986053339999977
0.7986053339999977
0.7986053339999977
0.7986053339999994
0.7986053339999994
0.7986053339999994
0.7986053339999994
0.7986053340000012
0.7986053340000012
0.7986053340000012
0.7986053340000012
0.7986053340000012
0.7986053340000012
0.7986053340000012
0.7986053340000012
0.7986053340000012
0.7988160000000004
0.7988799999999996
0.7988800000000005
0.8038799979999993
0.8038799979999993
0.8038799979999993
0.8038799980000029
0.8052720000000004
0.8052720000000004
0.8066159999999991
0.8066159999999991
0.8066159999999991
0.806616
0.806616
0.806616
0.806616
0.806616
0.806616
0.806616
0.806616
0.806616
0.806616
0.806616
0.806616
0.806616
0.806616
0.806616
0.806616
0.806616
0.806616
0.806616
0.806616
0.806616
0.806616
0.806616
0.806616
0.806616
0.806616
0.806616
0.8066639999999978
0.8066639999999978
0.8066639999999978
0.8066639999999978
0.8066639999999978
0.8066639999999978
0.8066639999999978
0.8066639999999978
0.8066639999999978
0.8066639999999978
0.8066639999999978
0.8066639999999978
0.8066639999999978
0.8066639999999978
0.8066639999999978
0.8066639999999978
0.8066639999999978
0.8066639999999978
0.8066639999999978
0.8066639999999978
0.8066639999999978
0.8066639999999978
0.8066639999999978
0.8066639999999978
0.8066639999999978
0.8066639999999978
0.8066639999999978
0.8066639999999978
0.8066639999999978
0.8066639999999978
0.8066639999999978
0.8066639999999978
0.8066639999999978
0.8066639999999978
0.8066639999999978
0.8066639999999978
0.8066639999999978
0.8066639999999978
0.8066639999999978
0.8066639999999978
0.8066639999999978
0.8066639999999978
0.8066639999999978
0.8066639999999978
0.8066639999999978
0.8066639999999978
0.8066639999999978
0.8066639999999978
0.8066639999999996
0.8066639999999996
0.8066639999999996
0.8066639999999996
0.8066639999999996
0.8066639999999996
0.8066639999999996
0.8066639999999996
0.8066639999999996
0.8066639999999996
0.8066639999999996
0.8066639999999996
0.8066639999999996
0.8066639999999996
0.8066639999999996
0.8066639999999996
0.8066639999999996
0.8066639999999996
0.8066639999999996
0.8066639999999996
0.8066639999999996
0.8066639999999996
0.8066639999999996
0.8066639999999996
0.8066639999999996
0.8066639999999996
0.8066639999999996
0.8066639999999996
0.8066639999999996
0.8066639999999996
0.8066639999999996
0.8066639999999996
0.8066639999999996
0.8066639999999996
0.8066639999999996
0.8066639999999996
0.8066639999999996
0.8066639999999996
0.8066639999999996
0.8066639999999996
0.8066639999999996
0.8066639999999996
0.8066639999999996
0.8066639999999996
0.8066639999999996
0.8066639999999996
0.8066639999999996
0.8066639999999996
0.8066639999999996
0.8066639999999996
0.8066639999999996
0.8066639999999996
0.8066639999999996
0.8066639999999996
0.8066639999999996
0.8066639999999996
0.8066639999999996
0.8066639999999996
0.8066639999999996
0.8066639999999996
0.8066639999999996
0.8066639999999996
0.8066639999999996
0.8066639999999996
0.8066639999999996
0.8066639999999996
0.8066639999999996
0.8066639999999996
0.8066639999999996
0.8066639999999996
0.8066639999999996
0.8066639999999996
0.8066639999999996
0.8066640000000005
0.8066640000000005
0.8066640000000005
0.8066640000000005
0.8066640000000005
0.8066640000000005
0.8066640000000005
0.8066640000000014
0.8066640000000014
0.8066640000000014
0.8066640000000014
0.8066640000000014
0.8066640000000014
0.8066640000000014
0.8066640000000014
0.8066640000000014
0.8066640000000014
0.8066640000000014
0.8066640000000014
0.8066640000000014
0.8066640000000014
0.8066640000000014
0.8066640000000014
0.8066640000000014
0.8066640000000014
0.8066640000000014
0.8066640000000014
0.8066640000000014
0.8066640000000014
0.8066640000000014
0.8066640000000014
0.8066640000000014
0.8066640000000014
0.8066640000000014
0.8066640000000014
0.8066640000000014
0.8066640000000014
0.8066640000000014
0.8066640000000014
0.8066640000000014
0.8066640000000014
0.8066640000000014
0.8066640000000014
0.8066640000000014
0.8066640000000014
0.8066640000000014
0.8066640000000014
0.8066640000000014
0.8066640000000014
0.8066640000000014
0.8066640000000014
0.8066640000000014
0.8066640000000014
0.8066640000000014
0.8066640000000014
0.8066640000000014
0.8066640000000014
0.8066640000000014
0.8066640000000014
0.8066640000000014
0.8066640000000014
0.8066640000000014
0.8066640000000014
0.8066640000000014
0.8066640000000014
0.8066640000000014
0.8066640000000014
0.8066640000000014
0.8066640000000014
0.8066640000000014
0.8066640000000014
0.8066640000000014
0.8066640000000014
0.8066640000000014
0.8066640000000014
0.8066640000000014
0.8066640000000014
0.8066640000000014
0.8066640000000014
0.8066640000000014
0.8066640000000014
0.8066640000000014
0.8066640000000014
0.8066640000000014
0.8066640000000014
0.8066640000000014
0.8066640000000014
0.8066640000000014
0.8066640000000014
0.8066640000000014
0.8066640000000014
0.8066640000000014
0.8066640000000014
0.8066640000000014
0.8066640000000014
0.8066640000000014
0.8066640000000014
0.8066640000000014
0.8066640000000014
0.8066640000000014
0.8066640000000014
0.8066640000000014
0.8066640000000014
0.8066640000000014
0.8066640000000014
0.8066640000000014
0.813880000000001
0.8152720000000002
0.8466159999999991
0.8466159999999991
0.8466159999999991
0.8466159999999991
0.8466159999999991
0.8466159999999991
0.8466159999999991
0.8466159999999991
0.8466159999999991
0.8466159999999991
0.8466159999999991
0.846616
0.846616
0.846616
0.846616
0.846616
0.846616
0.846616
0.8466160000000009
0.8466160000000009
0.8466160000000009
0.8466160000000009
0.8466160000000009
0.8466160000000009
0.8466160000000009
0.846663999999997
0.846663999999997
0.846663999999997
0.846663999999997
0.846663999999997
0.846663999999997
0.846663999999997
0.846663999999997
0.846663999999997
0.846663999999997
0.846663999999997
0.846663999999997
0.846663999999997
0.8466639999999988
0.8466639999999988
0.8466639999999988
0.8466639999999988
0.8466639999999988
0.8466639999999988
0.8466639999999988
0.8466639999999988
0.8466639999999988
0.8466639999999988
0.8466639999999996
0.8466639999999996
0.8466640000000005
0.8466640000000005
0.8466640000000005
0.8466640000000005
0.8466640000000005
0.8466640000000005
0.8466640000000005
0.8466640000000005
0.8466640000000005
0.8466640000000005
0.8466640000000005
0.8466640000000005
0.8466640000000005
0.8466640000000005
0.8466640000000005
0.8466640000000005
0.8466640000000005
0.8466640000000005
0.8466640000000005
0.8466640000000005
0.8466640000000005
0.8466640000000005
0.8466640000000005
0.8466640000000005
0.8466640000000005
0.8466640000000005
0.8466640000000005
0.8466640000000005
0.8466640000000005
0.8466640000000005
0.8466640000000005
0.8466640000000005
0.8466640000000005
0.8466640000000005
0.8466640000000005
0.8466640000000005
0.8466640000000005
0.8466640000000005
0.8466640000000005
0.8466640000000005
0.8466640000000005
0.8466640000000005
0.8466640000000005
0.8466640000000005
0.8466640000000005
0.8466640000000005
0.8466640000000005
0.8466640000000005
0.8466640000000005
0.8466640000000005
0.8466640000000005
0.8466640000000005
0.8466640000000005
0.8466640000000005
0.8466640000000005
0.8466640000000005
0.8466640000000005
0.8466640000000005
0.8466640000000005
0.8466640000000005
0.8466640000000005
0.8466640000000005
0.8466640000000005
0.8466640000000005
0.8466640000000005
0.8466640000000005
0.8466640000000005
0.8466640000000005
0.8466640000000005
0.8466640000000005
0.8466640000000005
0.8466640000000005
0.8466640000000005
0.8466640000000005
0.8466640000000005
0.8466640000000005
0.8466640000000005
0.8466640000000005
0.8466640000000005
0.8466640000000005
0.8466640000000005
0.8466640000000005
0.8466640000000005
0.8466640000000005
0.8466640000000005
0.8466640000000005
0.8466640000000005
0.8466640000000005
0.8466640000000005
0.8466640000000005
0.8466640000000005
0.8466640000000005
0.8466640000000005
0.8466640000000005
0.8466640000000005
0.8466640000000005
0.8466640000000005
0.8466640000000005
0.8466640000000005
0.8466640000000005
0.8466640000000005
0.8466640000000005
0.8466640000000005
0.8466640000000005
0.8466640000000005
0.8466640000000005
0.8466640000000005
0.8466640000000005
0.8466640000000005
0.8466640000000005
0.8466640000000005
0.8466640000000005
0.8466640000000005
0.8466640000000005
0.8466640000000005
0.8466640000000005
0.8466640000000005
0.8485493329999994
0.8485493329999994
0.8485493329999994
0.8485493329999994
0.8485493329999994
0.8485493329999994
0.8485493330000002
0.8485493330000002
0.8485493330000002
0.8485493330000002
0.8485493330000002
0.8485493330000011
0.8485493330000011
0.8486053329999983
0.8486053329999983
0.8486053329999983
0.8486053329999983
0.8486053329999983
0.8486053329999983
0.8486053329999983
0.8486053329999983
0.8486053329999983
0.8486053329999983
0.8486053329999983
0.8486053329999983
0.8486053329999983
0.8486053329999983
0.8486053329999983
0.8486053329999983
0.8486053329999983
0.8486053329999983
0.8486053329999983
0.8486053329999983
0.8486053329999983
0.8486053329999983
0.8486053329999983
0.8486053329999983
0.8486053329999983
0.8486053329999983
0.8486053329999983
0.8486053329999983
0.8486053329999983
0.8486053330000001
0.8486053330000001
0.8486053330000001
0.8486053330000001
0.8486053330000001
0.8486053330000001
0.8486053330000001
0.8486053330000001
0.8486053330000001
0.8486053330000001
0.8486053330000001
0.8486053330000001
0.8486053330000001
0.8486053330000001
0.8486053330000001
0.8486053330000001
0.8486053330000001
0.8486053330000018
0.8486053330000018
0.8486053330000018
0.8486053330000018
0.8486053330000018
0.8486053330000018
0.8486053330000018
0.8486053330000018
0.8486053330000018
0.8486053330000018
0.8486053330000018
0.8486053330000018
0.8486053330000018
0.8486053330000018
0.8488799999999994
0.8488800000000012
0.8488800000000012
0.8488800000000012
0.8488800000000012
0.8552719979999992
0.855271998000001
0.8552719999999994
0.8552719999999994
0.8552719999999994
0.8552719999999994
0.8552719999999994
0.8566159999999998
0.8566159999999998
0.8566159999999998
0.8566159999999998
0.8566639999999985
0.8566639999999985
0.8566639999999985
0.8566639999999985
0.8566639999999985
0.8566639999999985
0.8566639999999985
0.8566639999999985
0.8566639999999985
0.8566639999999985
0.8566639999999985
0.8566639999999985
0.8566639999999985
0.8566639999999985
0.8566639999999985
0.8566639999999985
0.8566639999999985
0.8566639999999985
0.8566639999999985
0.8566639999999985
0.8566639999999985
0.8566639999999985
0.8566639999999985
0.8566639999999985
0.8566639999999985
0.8566639999999985
0.8566639999999985
0.8566639999999985
0.8566639999999985
0.8566639999999985
0.8566639999999985
0.8566639999999985
0.8566639999999985
0.8566639999999985
0.8566639999999985
0.8566639999999985
0.8566639999999985
0.8566639999999985
0.8566639999999985
0.8566639999999985
0.8566639999999985
0.8566640000000003
0.8566640000000003
0.8566640000000003
0.8566640000000003
0.8566640000000003
0.8566640000000003
0.8566640000000003
0.8566640000000003
0.8566640000000003
0.8566640000000003
0.8566640000000003
0.8566640000000003
0.8566640000000003
0.8566640000000003
0.8566640000000003
0.8566640000000003
0.8566640000000003
0.8566640000000003
0.8566640000000003
0.8566640000000003
0.8566640000000003
0.8566640000000003
0.8566640000000003
0.8566640000000003
0.8566640000000003
0.8566640000000003
0.8566640000000003
0.8566640000000003
0.8566640000000003
0.8566640000000003
0.8566640000000003
0.8566640000000003
0.8566640000000003
0.8566640000000003
0.8566640000000003
0.8566640000000003
0.8566640000000003
0.8566640000000003
0.8566640000000003
0.8566640000000003
0.8566640000000003
0.8566640000000003
0.8566640000000003
0.8566640000000003
0.8566640000000003
0.8566640000000003
0.8566640000000003
0.8566640000000003
0.8566640000000003
0.8566640000000003
0.8566640000000003
0.8566640000000003
0.8566640000000003
0.8566640000000003
0.8566640000000003
0.8566640000000003
0.8566640000000003
0.8566640000000003
0.8566640000000003
0.8566640000000021
0.8566640000000021
0.8566640000000021
0.8566640000000021
0.8566640000000021
0.8566640000000021
0.8566640000000021
0.8566640000000021
0.8566640000000021
0.8566640000000021
0.8566640000000021
0.8566640000000021
0.8566640000000021
0.8566640000000021
0.8566640000000021
0.8566640000000021
0.8566640000000021
0.8566640000000021
0.8566640000000021
0.8566640000000021
0.8566640000000021
0.8566640000000021
0.8572133329999971
0.8572133330000007
0.8572133330000007
0.8572133330000007
0.8572133330000007
0.8572133330000007
0.8572133330000007
0.8619386639999984
0.8619386640000002
0.8619386640000002
0.8619386640000002
0.8619386640000002
0.8619386640000002
0.8652719999999992
0.8652720000000009
0.8738799999999998
0.8866639999999979
0.8866639999999997
0.8866639999999997
0.8866639999999997
0.8866639999999997
0.8866639999999997
0.8866639999999997
0.8866639999999997
0.8866639999999997
0.8866639999999997
0.8866639999999997
0.8866639999999997
0.8866639999999997
0.8866639999999997
0.8866639999999997
0.8866639999999997
0.8866639999999997
0.8866639999999997
0.8866639999999997
0.8866640000000015
0.8888800000000003
0.8902719999999995
0.8902719999999995
0.8902719999999995
0.8902720000000031
0.8966639999999977
0.8966639999999977
0.8966639999999977
0.8966639999999977
0.8966639999999977
0.8966639999999977
0.8966639999999995
0.8966639999999995
0.8966639999999995
0.8966639999999995
0.8966639999999995
0.8966639999999995
0.8966639999999995
0.8966639999999995
0.8966639999999995
0.8966639999999995
0.8966639999999995
0.8966639999999995
0.8966639999999995
0.8966639999999995
0.8966639999999995
0.8966639999999995
0.8966639999999995
0.8966639999999995
0.8966639999999995
0.8966639999999995
0.8966639999999995
0.8966639999999995
0.8966639999999995
0.8966639999999995
0.8966639999999995
0.8966639999999995
0.8966639999999995
0.8966639999999995
0.8966639999999995
0.8966640000000012
0.8966640000000012
0.8966640000000012
0.8966640000000012
0.8966640000000012
0.8966640000000012
0.8966640000000012
0.8966640000000012
0.8966640000000012
0.8966640000000012
0.8966640000000012
0.8966640000000012
0.8966640000000012
0.8966640000000012
0.8966640000000012
0.8966640000000012
0.8966640000000012
0.8966640000000012
0.8966640000000012
0.8966640000000012
0.8966640000000012
0.8966640000000012
0.8966640000000012
0.8966640000000012
0.8966640000000012
0.8966640000000012
0.8966640000000012
0.8988799999999983
0.8988800000000001
0.8988800000000001
0.8988800000000001
0.8988800000000001
0.9052720000000001
0.9052720000000001
0.9052720000000001
0.9052720000000001
0.9052720000000001
0.9052720000000001
0.9052720000000001
0.9066639999999992
0.9066639999999992
0.9066639999999992
0.9066639999999992
0.9066639999999992
0.9066639999999992
0.9066639999999992
0.9066639999999992
0.9066639999999992
0.9066639999999992
0.9066639999999992
0.9066639999999992
0.9066639999999992
0.9066639999999992
0.9066639999999992
0.9066639999999992
0.9066639999999992
0.9066639999999992
0.9066639999999992
0.9066639999999992
0.9066639999999992
0.9066639999999992
0.9066639999999992
0.9066639999999992
0.9066639999999992
0.9066639999999992
0.9066639999999992
0.9066639999999992
0.9066639999999992
0.9066639999999992
0.9066639999999992
0.9066639999999992
0.9066639999999992
0.9066639999999992
0.9066639999999992
0.9066639999999992
0.9066639999999992
0.9066639999999992
0.9066639999999992
0.9066639999999992
0.9066639999999992
0.9066639999999992
0.9066639999999992
0.9066639999999992
0.9066639999999992
0.9066639999999992
0.9066639999999992
0.9066639999999992
0.9066639999999992
0.9066639999999992
0.9066639999999992
0.9066639999999992
0.9066639999999992
0.9066639999999992
0.9066639999999992
0.9066639999999992
0.906664000000001
0.906664000000001
0.906664000000001
0.906664000000001
0.906664000000001
0.906664000000001
0.906664000000001
0.906664000000001
0.906664000000001
0.906664000000001
0.906664000000001
0.906664000000001
0.906664000000001
0.906664000000001
0.906664000000001
0.906664000000001
0.906664000000001
0.906664000000001
0.9066640000000028
0.9066640000000028
0.9066640000000028
0.9066640000000028
0.9066640000000028
0.9066640000000028
0.9066640000000028
0.9066640000000028
0.9074879999999972
0.9074880000000007
0.9074880000000007
0.9152719999999981
0.9152719999999981
0.9152720000000016
0.9224879999999995
0.9466159999999988
0.9466159999999997
0.9466159999999997
0.9466159999999997
0.9466159999999997
0.9466159999999997
0.9466160000000006
0.9466639999999984
0.9466639999999984
0.9466639999999984
0.9466639999999984
0.9466639999999984
0.9466639999999984
0.9466639999999984
0.9466639999999984
0.9466639999999984
0.9466639999999984
0.9466639999999984
0.9466639999999984
0.9466639999999984
0.9466639999999984
0.9466639999999984
0.9466639999999984
0.9466639999999984
0.9466639999999984
0.9466639999999984
0.9466639999999984
0.9466639999999984
0.9466639999999984
0.9466639999999984
0.9466639999999984
0.9466639999999984
0.9466639999999984
0.9466639999999984
0.9466639999999984
0.9466639999999984
0.9466639999999984
0.9466639999999984
0.9466639999999984
0.9466639999999984
0.9466639999999984
0.9466639999999984
0.9466639999999984
0.9466639999999984
0.9466639999999984
0.9466639999999984
0.9466639999999984
0.9466639999999984
0.9466639999999984
0.9466639999999984
0.9466639999999984
0.9466639999999984
0.9466639999999984
0.9466639999999984
0.9466639999999984
0.9466639999999984
0.9466639999999984
0.9466639999999984
0.9466639999999984
0.9466639999999984
0.9466639999999984
0.9466639999999984
0.9466639999999984
0.9466639999999984
0.9466639999999984
0.9466639999999984
0.9466639999999984
0.9466639999999984
0.9466639999999984
0.9466639999999984
0.9466639999999984
0.9466639999999984
0.9466639999999984
0.9466639999999984
0.9466639999999984
0.9466639999999984
0.9466639999999984
0.9466639999999984
0.9466639999999993
0.9466639999999993
0.9466640000000002
0.9466640000000002
0.9466640000000002
0.9466640000000002
0.9466640000000002
0.9466640000000002
0.9466640000000002
0.9466640000000002
0.9466640000000002
0.9466640000000002
0.9466640000000002
0.9466640000000002
0.9466640000000002
0.9466640000000002
0.9466640000000002
0.9466640000000002
0.9466640000000002
0.9466640000000002
0.9466640000000002
0.9466640000000002
0.9466640000000002
0.9466640000000002
0.9466640000000002
0.9466640000000002
0.9466640000000002
0.9466640000000002
0.9466640000000002
0.9466640000000002
0.9466640000000002
0.9466640000000002
0.9466640000000002
0.9466640000000002
0.9466640000000002
0.9466640000000002
0.9466640000000002
0.9466640000000002
0.9466640000000002
0.9466640000000002
0.9466640000000002
0.9466640000000002
0.9466640000000002
0.9466640000000011
0.946664000000002
0.946664000000002
0.946664000000002
0.946664000000002
0.946664000000002
0.946664000000002
0.946664000000002
0.946664000000002
0.946664000000002
0.946664000000002
0.946664000000002
0.946664000000002
0.946664000000002
0.946664000000002
0.946664000000002
0.946664000000002
0.946664000000002
0.946664000000002
0.946664000000002
0.946664000000002
0.946664000000002
0.946664000000002
0.946664000000002
0.946664000000002
0.946664000000002
0.946664000000002
0.946664000000002
0.946664000000002
0.946664000000002
0.946664000000002
0.946664000000002
0.946664000000002
0.946664000000002
0.946664000000002
0.946664000000002
0.946664000000002
0.946664000000002
0.946664000000002
0.946664000000002
0.946664000000002
0.946664000000002
0.9488799999999991
0.9488799999999991
0.9488799999999991
0.9488799999999991
0.9488799999999991
0.9488799999999991
0.9488799999999991
0.9488799999999991
0.9488799999999991
0.9488799999999991
0.9488800000000026
0.9488800000000026
0.9488800000000026
0.9552719999999972
0.9552719999999972
0.9552719999999972
0.9552719999999972
0.9552719999999972
0.955271999999999
0.955271999999999
0.955271999999999
0.955271999999999
0.955271999999999
0.955271999999999
0.9552719999999999
0.9552719999999999
0.9552720000000008
0.9552720000000008
0.9552720000000008
0.9552720000000008
0.9552720000000008
0.9552720000000008
0.9552720000000008
0.9552720000000008
0.9552720000000008
0.9552720000000008
0.9552720000000008
0.9552720000000008
0.9552720000000008
0.9552720000000008
0.9552720000000008
0.9552720000000008
0.9552720000000008
0.9552720000000008
0.9552720000000008
0.9552720000000008
0.9552720000000008
0.9552720000000008
0.9552720000000008
0.9552720000000008
0.9552720000000008
0.9552720000000008
0.956664
0.956664
0.956664
0.956664
0.956664
0.956664
0.956664
0.956664
0.956664
0.956664
0.956664
0.956664
0.956664
0.956664
0.956664
0.956664
0.956664
0.956664
0.956664
0.956664
0.956664
0.956664
0.956664
0.956664
0.956664
0.956664
0.956664
0.956664
0.956664
0.956664
0.956664
0.956664
0.956664
0.956664
0.956664
0.956664
0.956664
0.956664
0.956664
0.956664
0.956664
0.956664
0.956664
0.956664
0.956664
0.956664
0.956664
0.956664
0.956664
0.956664
0.956664
0.956664
0.956664
0.956664
0.956664
0.956664
0.956664
0.956664
0.956664
0.956664
0.956664
0.956664
0.956664
0.956664
0.956664
0.956664
0.956664
0.956664
0.956664
0.956664
0.956664
0.956664
0.956664
0.956664
0.956664
0.956664
0.956664
0.956664
0.956664
0.956664
0.956664
0.956664
0.956664
0.956664
0.956664
0.956664
0.956664
0.956664
0.956664
0.956664
0.956664
0.956664
0.956664
0.956664
0.956664
0.956664
0.956664
0.956664
0.956664
0.956664
0.956664
0.956664
0.956664
0.956664
0.956664
0.956664
0.956664
0.956664
0.956664
0.956664
0.956664
0.956664
0.956664
0.956664
0.956664
0.956664
0.956664
0.956664
0.956664
0.956664
0.956664
0.956664
0.956664
0.956664
0.956664
0.956664
0.956664
0.956664
0.956664
0.956664
0.956664
0.956664
0.956664
0.956664
0.956664
0.956664
0.956664
0.956664
0.956664
0.956664
0.956664
0.956664
0.9566640000000017
0.9574879999999979
0.9574879999999997
0.9574879999999997
0.9574880000000014
0.9574880000000014
0.9574880000000014
0.9638799999999996
0.9638799999999996
0.9652160000000007
0.9652719999999988
0.9738800000000012
0.9866159999999997
0.9866159999999997
0.9866159999999997
0.9866159999999997
0.9866160000000006
0.9866639999999975
0.9866639999999975
0.9866639999999975
0.9866639999999975
0.9866639999999975
0.9866639999999975
0.9866639999999975
0.9866639999999975
0.9866639999999975
0.9866639999999975
0.9866639999999975
0.9866639999999975
0.9866639999999975
0.9866639999999975
0.9866639999999975
0.9866639999999993
0.9866639999999993
0.9866639999999993
0.9866639999999993
0.9866639999999993
0.9866639999999993
0.9866639999999993
0.9866639999999993
0.9866640000000002
0.9866640000000011
0.9866640000000011
0.9866640000000011
0.9866640000000011
0.9866640000000011
0.9866640000000011
0.9866640000000011
0.9866640000000011
0.9866640000000011
0.9866640000000011
0.9866640000000011
0.9866640000000011
0.9866640000000011
0.9866640000000011
0.9866640000000011
0.9866640000000011
0.9866640000000011
0.9866640000000011
0.9866640000000011
0.9866640000000011
0.9866640000000011
0.9866640000000011
0.9866640000000011
0.9866640000000011
0.9866640000000011
0.9866640000000011
0.9866640000000011
0.9866640000000011
0.9866640000000011
0.9866640000000011
0.9866640000000011
0.9866640000000011
0.9866640000000011
0.9866640000000011
0.9866640000000011
0.9866640000000011
0.9866640000000011
0.9866640000000011
0.9866640000000011
0.9866640000000011
0.9866640000000011
0.9866640000000011
0.9885733290000003
0.9885733290000003
0.9888799999999982
0.9888799999999982
0.9888799999999982
0.98888
0.9888800000000018
0.9888800000000018
0.9888800000000018
0.9888800000000018
0.9891679999999994
0.9902719999999974
0.9902719999999974
0.9902719999999974
0.9902719999999974
0.9902719999999974
0.9902719999999992
0.9902719999999992
0.9902719999999992
0.9902719999999992
0.990272
0.9902720000000009
0.9902720000000009
0.9902720000000009
0.9902720000000009
0.9902720000000009
0.9902720000000009
0.9902720000000009
0.9902720000000009
0.9902720000000009
0.9902720000000009
0.9902720000000009
0.9902720000000009
0.9902720000000009
0.9902720000000009
0.9902720000000009
0.9902720000000009
0.9902720000000009
0.9902720000000009
0.9902720000000009
0.9902720000000009
0.9902720000000009
0.9902720000000009
0.9902720000000009
0.9902720000000009
0.9902720000000009
0.9902720000000009
0.9902720000000009
0.9966160000000004
0.9966160000000004
0.9966639999999991
0.9966639999999991
0.9966639999999991
0.9966639999999991
0.9966639999999991
0.9966639999999991
0.9966639999999991
0.9966639999999991
0.9966639999999991
0.9966639999999991
0.9966639999999991
0.9966639999999991
0.9966639999999991
0.9966639999999991
0.9966639999999991
0.9966639999999991
0.9966639999999991
0.9966639999999991
0.9966639999999991
0.9966639999999991
0.9966639999999991
0.9966639999999991
0.9966639999999991
0.9966639999999991
0.9966639999999991
0.9966639999999991
0.9966639999999991
0.9966639999999991
0.9966639999999991
0.9966639999999991
0.9966639999999991
0.9966639999999991
0.9966639999999991
0.9966639999999991
0.9966639999999991
0.9966639999999991
0.9966639999999991
0.9966639999999991
0.9966639999999991
0.9966639999999991
0.9966639999999991
0.9966639999999991
0.9966639999999991
0.9966639999999991
0.9966639999999991
0.9966639999999991
0.9966639999999991
0.9966639999999991
0.9966639999999991
0.9966639999999991
0.9966639999999991
0.9966639999999991
0.9966639999999991
0.9966639999999991
0.9966639999999991
0.9966639999999991
0.9966639999999991
0.9966639999999991
0.9966639999999991
0.9966639999999991
0.9966639999999991
0.9966639999999991
0.9966639999999991
0.9966639999999991
0.9966639999999991
0.9966639999999991
0.9966639999999991
0.9966639999999991
0.9966639999999991
0.9966639999999991
0.9966639999999991
0.9966639999999991
0.9966639999999991
0.9966639999999991
0.9966639999999991
0.9966639999999991
0.9966639999999991
0.9966639999999991
0.9966639999999991
0.9966639999999991
0.9966639999999991
0.9966639999999991
0.9966639999999991
0.9966639999999991
0.9966639999999991
0.9966639999999991
0.9966639999999991
0.9966639999999991
0.9966639999999991
0.9966639999999991
0.9966639999999991
0.9966639999999991
0.9966639999999991
0.9966639999999991
0.9966639999999991
0.9966639999999991
0.9966639999999991
0.9966639999999991
0.9966639999999991
0.9966639999999991
0.9966639999999991
0.9966639999999991
0.9966639999999991
0.9966639999999991
0.9966639999999991
0.9966639999999991
0.9966639999999991
0.9966639999999991
0.9966639999999991
0.9966639999999991
0.9966639999999991
0.9966639999999991
0.9966639999999991
0.9966639999999991
0.9966639999999991
0.9966639999999991
0.9966639999999991
0.9966639999999991
0.9966639999999991
0.9966639999999991
0.9966639999999991
0.9966639999999991
0.9966639999999991
0.9966639999999991
0.9966639999999991
0.9966639999999991
0.9966639999999991
0.9966639999999991
0.9966639999999991
0.9966639999999991
0.9966639999999991
0.9966639999999991
0.9966639999999991
0.9966639999999991
0.9966639999999991
0.9966639999999991
0.9966639999999991
0.9966639999999991
0.9966639999999991
0.9966639999999991
0.9966639999999991
0.9966639999999991
0.9966639999999991
0.9966639999999991
0.9966639999999991
0.9966639999999991
0.9966639999999991
0.9966639999999991
0.9966639999999991
0.9966639999999991
0.9966639999999991
0.9966639999999991
0.9966639999999991
0.9966639999999991
0.9966639999999991
0.9966639999999991
0.9966639999999991
0.9966639999999991
0.9966639999999991
0.9966639999999991
0.9966639999999991
0.9966639999999991
0.9966639999999991
0.9966639999999991
0.9966639999999991
0.9966639999999991
0.9966639999999991
0.9966639999999991
0.9966639999999991
0.9966639999999991
0.9966639999999991
0.9966639999999991
0.9966639999999991
0.9966639999999991
0.9966639999999991
0.9966639999999991
0.9966639999999991
0.9966639999999991
0.9966639999999991
0.9966639999999991
0.9966639999999991
0.9966639999999991
0.9966639999999991
0.9966639999999991
0.9966639999999991
0.9966639999999991
0.9966639999999991
0.9966639999999991
0.9966639999999991
0.9966639999999991
0.9966639999999991
0.9966639999999991
0.9966639999999991
0.9966639999999991
0.9966639999999991
0.9966639999999991
0.9966639999999991
0.9966639999999991
0.9966639999999991
0.9966639999999991
0.9966639999999991
0.9966639999999991
0.9966639999999991
0.9966639999999991
0.9966639999999991
0.9966639999999991
0.9966639999999991
0.9966639999999991
0.9966639999999991
0.996664
0.996664
0.996664
0.996664
0.996664
0.996664
0.996664
0.996664
0.996664
0.9966640000000009
0.9966640000000009
0.9966640000000009
0.9966640000000009
0.9966640000000009
0.9966640000000009
0.9966640000000009
0.9966640000000009
0.9966640000000009
0.9966640000000009
0.9966640000000009
0.9966640000000009
0.9966640000000009
0.9966640000000009
0.9966640000000009
0.9966640000000009
0.9966640000000009
0.9966640000000009
0.9966640000000009
0.9966640000000009
0.9966640000000009
0.9966640000000009
0.9966640000000009
0.9966640000000009
0.9966640000000009
0.9966640000000009
0.9966640000000009
0.9966640000000009
0.9966640000000009
0.9966640000000009
0.9966640000000009
0.9966640000000009
0.9966640000000009
0.9966640000000009
0.9966640000000009
0.9966640000000009
0.9966640000000009
0.9966640000000009
0.9966640000000009
0.9966640000000009
0.9966640000000009
0.9966640000000009
0.9966640000000009
0.9966640000000009
0.9966640000000009
0.9966640000000009
0.9966640000000009
0.9966640000000009
0.9966640000000009
0.9966640000000027
0.9966640000000027
0.9966640000000027
0.9966640000000027
0.9966640000000027
0.9966640000000027
0.9966640000000027
0.9966640000000027
0.9966640000000027
0.9966640000000027
0.9966640000000027
0.9966640000000027
0.9966640000000027
0.9966640000000027
0.9966640000000027
0.9966640000000027
0.9966640000000027
0.9966640000000027
0.9966640000000027
0.9966640000000027
0.9966640000000027
0.9966640000000027
0.9966640000000027
0.9966640000000027
0.9966640000000027
0.9966640000000027
0.9966640000000027
0.9966640000000027
0.9966640000000027
0.9966640000000027
0.9966640000000027
0.9966640000000027
0.9966640000000027
0.9966640000000027
0.9966640000000027
0.9966640000000027
0.9966640000000027
0.9966640000000027
0.9966640000000027
0.9966640000000027
0.9966640000000027
0.9966640000000027
0.9988799999999998
0.9988799999999998
0.9988799999999998
0.9988799999999998
0.9988799999999998
0.9988799999999998
0.9988799999999998
0.9988799999999998
0.9988799999999998
0.9988799999999998
0.9988799999999998
0.9988799999999998
1.0052159999999999
1.005271999999998
1.005271999999998
1.005271999999998
1.005271999999998
1.005271999999998
1.005271999999998
1.005271999999998
1.005271999999998
1.0052719999999997
1.0052720000000015
1.0052720000000015
1.0052720000000015
1.0052720000000015
1.0052720000000015
1.0052720000000015
1.0052720000000015
1.0052720000000015
1.0052720000000015
1.0052720000000015
1.0052720000000015
1.0066160000000002
1.0066160000000002
1.0066160000000002
1.0066160000000002
1.0066160000000002
1.0066639999999971
1.0066639999999971
1.0066639999999971
1.0066639999999971
1.0066639999999971
1.0066639999999971
1.0066639999999971
1.0066639999999971
1.0066639999999971
1.0066639999999971
1.0066639999999971
1.0066639999999971
1.0066639999999971
1.0066639999999971
1.0066639999999971
1.0066639999999971
1.0066639999999971
1.0066639999999971
1.0066639999999971
1.0066639999999971
1.0066639999999971
1.0066639999999971
1.0066639999999971
1.0066639999999971
1.0066639999999971
1.006663999999999
1.006663999999999
1.006663999999999
1.006663999999999
1.006663999999999
1.006663999999999
1.006663999999999
1.006663999999999
1.006663999999999
1.006663999999999
1.006663999999999
1.006663999999999
1.006663999999999
1.006663999999999
1.006663999999999
1.006663999999999
1.006663999999999
1.006663999999999
1.006663999999999
1.006663999999999
1.006663999999999
1.006663999999999
1.006663999999999
1.006663999999999
1.006663999999999
1.006663999999999
1.006663999999999
1.006663999999999
1.006663999999999
1.006663999999999
1.006663999999999
1.006663999999999
1.006663999999999
1.006663999999999
1.0066639999999998
1.0066639999999998
1.0066639999999998
1.0066639999999998
1.0066639999999998
1.0066639999999998
1.0066639999999998
1.0066639999999998
1.0066639999999998
1.0066640000000007
1.0066640000000007
1.0066640000000007
1.0066640000000007
1.0066640000000007
1.0066640000000007
1.0066640000000007
1.0066640000000007
1.0066640000000007
1.0066640000000007
1.0066640000000007
1.0066640000000007
1.0066640000000007
1.0066640000000007
1.0066640000000007
1.0066640000000007
1.0066640000000007
1.0066640000000007
1.0066640000000007
1.0066640000000007
1.0066640000000007
1.0066640000000007
1.0066640000000007
1.0066640000000007
1.0066640000000007
1.0066640000000007
1.0066640000000007
1.0066640000000007
1.0066640000000007
1.0066640000000007
1.0066640000000007
1.0066640000000007
1.0066640000000007
1.0066640000000007
1.0066640000000007
1.0066640000000007
1.0066640000000007
1.0066640000000007
1.0066640000000007
1.0066640000000007
1.0066640000000007
1.0066640000000007
1.0066640000000007
1.0066640000000007
1.0066640000000007
1.0066640000000007
1.0066640000000007
1.0066640000000007
1.0066640000000007
1.0066640000000007
1.0066640000000007
1.0066640000000007
1.0066640000000007
1.0066640000000007
1.0066640000000007
1.0066640000000007
1.0066640000000007
1.0066640000000007
1.0066640000000007
1.0066640000000007
1.0066640000000007
1.0066640000000007
1.0066640000000007
1.0066640000000007
1.0066640000000007
1.0066640000000007
1.0066640000000007
1.0066640000000007
1.0066640000000007
1.0066640000000007
1.0066640000000007
1.0066640000000007
1.0066640000000007
1.0066640000000007
1.0066640000000007
1.0066640000000007
1.0066640000000007
1.0066640000000007
1.0066640000000007
1.0066640000000007
1.0066640000000007
1.0066640000000007
1.0066640000000007
1.0066640000000007
1.0066640000000007
1.0066640000000007
1.0066640000000007
1.0066640000000007
1.0066640000000007
1.0066640000000007
1.0066640000000007
1.0066640000000007
1.0066640000000007
1.0066640000000007
1.0066640000000007
1.0066640000000007
1.0066640000000007
1.0066640000000007
1.0066640000000007
1.0066640000000007
1.0066640000000007
1.0066640000000007
1.0066640000000007
1.0066640000000007
1.0066640000000007
1.0066640000000007
1.0066640000000007
1.0066640000000007
1.0066640000000007
1.0066640000000007
1.0066640000000007
1.0066640000000007
1.0066640000000007
1.0066640000000007
1.0066640000000007
1.0066640000000007
1.0066640000000007
1.0066640000000007
1.0066640000000007
1.0066640000000007
1.0066640000000007
1.0066640000000007
1.0066640000000007
1.0066640000000007
1.0066640000000007
1.0066640000000007
1.0066640000000007
1.0066640000000007
1.0066640000000007
1.0066640000000007
1.0066640000000007
1.0066640000000007
1.0066640000000007
1.0066640000000007
1.0066640000000007
1.0066640000000007
1.0066640000000007
1.0066640000000007
1.0066640000000007
1.0066640000000007
1.0066640000000007
1.0066640000000007
1.0066640000000007
1.0066640000000007
1.0066640000000007
1.0066640000000007
1.0066640000000007
1.0074879999999986
1.0138800000000003
1.0138800000000003
1.0138800000000003
1.0138800000000003
1.0138800000000003
1.0138800000000003
1.0138800000000003
1.0138800000000021
1.0152719999999995
1.0152719999999995
1.0152719999999995
1.0152719999999995
1.0152719999999995
1.015272000000003
1.0224879999999992
1.0224879999999992
1.023880000000002
1.0466159999999993
1.0466159999999993
1.0466159999999993
1.0466159999999993
1.0466160000000002
1.0466160000000002
1.0466160000000002
1.0466160000000002
1.0466160000000002
1.0466160000000002
1.0466160000000002
1.046663999999998
1.046663999999998
1.046663999999998
1.0466639999999998
1.0466639999999998
1.0466639999999998
1.0466639999999998
1.0466639999999998
1.0466639999999998
1.0466639999999998
1.0466639999999998
1.0466639999999998
1.0466639999999998
1.0466639999999998
1.0466639999999998
1.0466639999999998
1.0466639999999998
1.0466639999999998
1.0466639999999998
1.0466639999999998
1.0466639999999998
1.0466639999999998
1.0466639999999998
1.0466639999999998
1.0466639999999998
1.0466639999999998
1.0466639999999998
1.0466639999999998
1.0466639999999998
1.0466639999999998
1.0466639999999998
1.0466639999999998
1.0466639999999998
1.0466639999999998
1.0466639999999998
1.0466639999999998
1.0466639999999998
1.0466639999999998
1.0466639999999998
1.0466639999999998
1.0466639999999998
1.0466639999999998
1.0466639999999998
1.0466639999999998
1.0466639999999998
1.0466639999999998
1.0466639999999998
1.0466639999999998
1.0466639999999998
1.0466639999999998
1.0466639999999998
1.0466639999999998
1.0466639999999998
1.0466639999999998
1.0466639999999998
1.0466639999999998
1.0466639999999998
1.0466639999999998
1.0466639999999998
1.0466639999999998
1.0466639999999998
1.0466639999999998
1.0466639999999998
1.0466639999999998
1.0466639999999998
1.0466639999999998
1.0466639999999998
1.0466639999999998
1.0466639999999998
1.0466639999999998
1.0466639999999998
1.0466639999999998
1.0466639999999998
1.0466639999999998
1.0466639999999998
1.0466639999999998
1.0466639999999998
1.0466639999999998
1.0466639999999998
1.0466639999999998
1.0466639999999998
1.0466639999999998
1.0466639999999998
1.0466639999999998
1.0466639999999998
1.0466639999999998
1.0466639999999998
1.0466639999999998
1.0466639999999998
1.0466639999999998
1.0466639999999998
1.0466639999999998
1.0466639999999998
1.0466639999999998
1.0466639999999998
1.0466639999999998
1.0466639999999998
1.0466639999999998
1.0466639999999998
1.0466639999999998
1.0466639999999998
1.0466639999999998
1.0466639999999998
1.0466639999999998
1.0466639999999998
1.0466639999999998
1.0466639999999998
1.0466639999999998
1.0466639999999998
1.0466639999999998
1.0466639999999998
1.0466639999999998
1.0466639999999998
1.0466639999999998
1.0466639999999998
1.0466639999999998
1.0466639999999998
1.0466639999999998
1.0466639999999998
1.0466639999999998
1.0466639999999998
1.0466639999999998
1.0466639999999998
1.0466639999999998
1.0466639999999998
1.0466639999999998
1.0466639999999998
1.0466639999999998
1.0466639999999998
1.0466639999999998
1.0466639999999998
1.0466639999999998
1.0466639999999998
1.0466639999999998
1.0466639999999998
1.0466639999999998
1.0466639999999998
1.0466639999999998
1.0466639999999998
1.0466639999999998
1.0466639999999998
1.0466639999999998
1.0466639999999998
1.0466639999999998
1.0466639999999998
1.0466639999999998
1.0466639999999998
1.0466639999999998
1.0466639999999998
1.0466639999999998
1.0466639999999998
1.0466639999999998
1.0466639999999998
1.0466639999999998
1.0466639999999998
1.0466639999999998
1.0466639999999998
1.0466639999999998
1.0466639999999998
1.0466639999999998
1.0466639999999998
1.0466639999999998
1.0466639999999998
1.0466639999999998
1.0466639999999998
1.0466639999999998
1.0466639999999998
1.0466639999999998
1.0466639999999998
1.0466639999999998
1.0466639999999998
1.0466639999999998
1.0466639999999998
1.0466639999999998
1.0466639999999998
1.0466639999999998
1.0466639999999998
1.0466639999999998
1.0466639999999998
1.0466639999999998
1.0466639999999998
1.0466639999999998
1.0466639999999998
1.0466639999999998
1.0466639999999998
1.0466639999999998
1.0466639999999998
1.0466639999999998
1.0466639999999998
1.0466639999999998
1.0466639999999998
1.0466639999999998
1.0466639999999998
1.0466639999999998
1.0466639999999998
1.0466639999999998
1.0466639999999998
1.0466639999999998
1.0466639999999998
1.0466639999999998
1.0466639999999998
1.0466639999999998
1.0466639999999998
1.0466639999999998
1.0466639999999998
1.0466639999999998
1.0466639999999998
1.0466639999999998
1.0466639999999998
1.0466639999999998
1.0466639999999998
1.0466639999999998
1.0466639999999998
1.0466639999999998
1.0466639999999998
1.0466639999999998
1.0466639999999998
1.0466639999999998
1.0466639999999998
1.0466639999999998
1.0466639999999998
1.0466639999999998
1.0466639999999998
1.0466639999999998
1.0466639999999998
1.0466639999999998
1.0466639999999998
1.0466639999999998
1.0466639999999998
1.0466639999999998
1.0466639999999998
1.0466639999999998
1.0466639999999998
1.0466639999999998
1.0466639999999998
1.0466639999999998
1.0466639999999998
1.0466639999999998
1.0466639999999998
1.0466639999999998
1.0466639999999998
1.0466639999999998
1.0466639999999998
1.0466639999999998
1.0466639999999998
1.0466639999999998
1.0466639999999998
1.0466639999999998
1.0466639999999998
1.0466639999999998
1.0466639999999998
1.0466639999999998
1.0466639999999998
1.0466639999999998
1.0466639999999998
1.0466639999999998
1.0466639999999998
1.0466639999999998
1.0466639999999998
1.0466639999999998
1.0466639999999998
1.0466639999999998
1.0466639999999998
1.0466639999999998
1.0466639999999998
1.0466639999999998
1.0466639999999998
1.0466639999999998
1.0466639999999998
1.0466639999999998
1.0466639999999998
1.0466639999999998
1.0466639999999998
1.0466639999999998
1.0466639999999998
1.0466639999999998
1.0466639999999998
1.0466639999999998
1.0466639999999998
1.0466639999999998
1.0466639999999998
1.0466639999999998
1.0466639999999998
1.0466639999999998
1.0466639999999998
1.0466639999999998
1.0466639999999998
1.0466639999999998
1.0466639999999998
1.0466639999999998
1.0466639999999998
1.0466639999999998
1.0466639999999998
1.0466639999999998
1.0466639999999998
1.0466639999999998
1.0466639999999998
1.0466639999999998
1.0466639999999998
1.0466639999999998
1.0466639999999998
1.0466639999999998
1.0466639999999998
1.0466639999999998
1.0466639999999998
1.0466639999999998
1.0466639999999998
1.0466639999999998
1.0466639999999998
1.0466639999999998
1.0466639999999998
1.0466639999999998
1.0466639999999998
1.0466639999999998
1.0466639999999998
1.0466639999999998
1.0466639999999998
1.0466639999999998
1.0466639999999998
1.0466639999999998
1.0466639999999998
1.0466639999999998
1.0466639999999998
1.0466639999999998
1.0466639999999998
1.0466639999999998
1.0466639999999998
1.0466639999999998
1.0466640000000007
1.0466640000000016
1.0466640000000016
1.0466640000000016
1.0466640000000016
1.0466640000000016
1.0466640000000016
1.0466640000000016
1.0466640000000016
1.0466640000000016
1.0466640000000016
1.0466640000000016
1.0466640000000016
1.0466640000000016
1.0466640000000016
1.0466640000000016
1.0466640000000016
1.0466640000000016
1.0466640000000016
1.0466640000000016
1.0466640000000016
1.0466640000000016
1.0466640000000034
1.0466640000000034
1.0466640000000034
1.0466640000000034
1.0466640000000034
1.048879999999997
1.0488799999999987
1.0488800000000005
1.0488800000000005
1.0488800000000005
1.0488800000000005
1.0488800000000005
1.0488800000000005
1.0488800000000005
1.0488800000000005
1.0488800000000005
1.0488800000000005
1.0566639999999978
1.0566639999999978
1.0566639999999978
1.0566639999999978
1.0566639999999978
1.0566639999999978
1.0566639999999978
1.0566639999999978
1.0566639999999978
1.0566639999999978
1.0566639999999978
1.0566639999999978
1.0566639999999978
1.0566639999999978
1.0566639999999978
1.0566639999999978
1.0566639999999978
1.0566639999999978
1.0566639999999978
1.0566639999999978
1.0566639999999978
1.0566639999999978
1.0566639999999978
1.0566639999999978
1.0566639999999978
1.0566639999999978
1.0566639999999978
1.0566639999999978
1.0566639999999978
1.0566639999999978
1.0566639999999978
1.0566639999999978
1.0566639999999978
1.0566639999999978
1.0566639999999978
1.0566639999999978
1.0566639999999978
1.0566639999999978
1.0566639999999978
1.0566639999999978
1.0566639999999978
1.0566639999999978
1.0566639999999978
1.0566639999999978
1.0566639999999978
1.0566639999999978
1.0566639999999978
1.0566639999999996
1.0566639999999996
1.0566639999999996
1.0566639999999996
1.0566639999999996
1.0566639999999996
1.0566639999999996
1.0566639999999996
1.0566639999999996
1.0566639999999996
1.0566639999999996
1.0566639999999996
1.0566639999999996
1.0566639999999996
1.0566639999999996
1.0566639999999996
1.0566639999999996
1.0566639999999996
1.0566639999999996
1.0566639999999996
1.0566639999999996
1.0566639999999996
1.0566639999999996
1.0566639999999996
1.0566639999999996
1.0566639999999996
1.0566639999999996
1.0566640000000005
1.0566640000000005
1.0566640000000005
1.0566640000000014
1.0566640000000014
1.0566640000000014
1.0566640000000014
1.0566640000000014
1.0566640000000014
1.0566640000000014
1.0566640000000014
1.0566640000000014
1.0566640000000014
1.0566640000000014
1.0566640000000014
1.0566640000000014
1.0566640000000014
1.0566640000000014
1.0566640000000014
1.0566640000000014
1.0566640000000014
1.0566640000000014
1.0566640000000014
1.0566640000000014
1.0566640000000014
1.0566640000000014
1.0566640000000014
1.0566640000000014
1.0566640000000014
1.0566640000000014
1.0566640000000014
1.0566640000000014
1.0566640000000014
1.0566640000000014
1.0566640000000014
1.0566640000000014
1.0566640000000014
1.0566640000000014
1.0566640000000014
1.0566640000000014
1.0566640000000014
1.0566640000000014
1.0566640000000014
1.0566640000000014
1.0566640000000014
1.0566640000000014
1.0566640000000014
1.0566640000000014
1.0566640000000014
1.0566640000000014
1.0566640000000014
1.0566640000000014
1.0566640000000014
1.0566640000000014
1.0566640000000014
1.0566640000000014
1.0566640000000014
1.0566640000000014
1.0566640000000014
1.0566640000000014
1.0566640000000014
1.0566640000000014
1.0566640000000014
1.0566640000000014
1.0566640000000014
1.0566640000000014
1.0566640000000014
1.0566640000000014
1.0566640000000014
1.0566640000000014
1.0566640000000014
1.0566640000000014
1.0566640000000014
1.0566640000000014
1.0566640000000014
1.0566640000000014
1.0566640000000014
1.0566640000000014
1.0566640000000014
1.0566640000000014
1.0566640000000014
1.0566640000000014
1.0566640000000014
1.0566640000000014
1.0566640000000014
1.0566640000000014
1.0566640000000014
1.0566640000000014
1.0566640000000014
1.0566640000000014
1.0566640000000014
1.0566640000000014
1.063880000000001
1.063880000000001
1.0866159999999994
1.0866159999999994
1.0866159999999994
1.0866159999999994
1.0866159999999994
1.0866159999999994
1.0866159999999994
1.0866159999999994
1.0866159999999994
1.0866159999999994
1.0866159999999994
1.0866159999999994
1.0866159999999994
1.0866159999999994
1.0866159999999994
1.0866159999999994
1.0866159999999994
1.0866159999999994
1.0866159999999994
1.0866159999999994
1.0866159999999994
1.0866159999999994
1.0866159999999994
1.0866160000000002
1.0866160000000002
1.0866160000000002
1.0866160000000002
1.0866160000000002
1.0866160000000002
1.0866160000000002
1.0866160000000002
1.0866160000000002
1.0866160000000002
1.0866160000000011
1.0866160000000011
1.0866160000000011
1.0866160000000011
1.0866160000000011
1.0866160000000011
1.0866160000000011
1.0866160000000011
1.0866160000000011
1.0866160000000011
1.0866160000000011
1.0866160000000011
1.086663999999999
1.086663999999999
1.086663999999999
1.086663999999999
1.086663999999999
1.086663999999999
1.086663999999999
1.086663999999999
1.086663999999999
1.086663999999999
1.086663999999999
1.086663999999999
1.086663999999999
1.086663999999999
1.086663999999999
1.086663999999999
1.086663999999999
1.086663999999999
1.086663999999999
1.086663999999999
1.086663999999999
1.086663999999999
1.086663999999999
1.086663999999999
1.086663999999999
1.086663999999999
1.086663999999999
1.086663999999999
1.086663999999999
1.086663999999999
1.086663999999999
1.086663999999999
1.086663999999999
1.086663999999999
1.086663999999999
1.086663999999999
1.086663999999999
1.086663999999999
1.086663999999999
1.086663999999999
1.086663999999999
1.086663999999999
1.086663999999999
1.086663999999999
1.086663999999999
1.086663999999999
1.086663999999999
1.086663999999999
1.086663999999999
1.086663999999999
1.086663999999999
1.086663999999999
1.086663999999999
1.086663999999999
1.086663999999999
1.086663999999999
1.086663999999999
1.086663999999999
1.086663999999999
1.086663999999999
1.086663999999999
1.086663999999999
1.086663999999999
1.086663999999999
1.086663999999999
1.086663999999999
1.086663999999999
1.086663999999999
1.086663999999999
1.086663999999999
1.086663999999999
1.086663999999999
1.086663999999999
1.086663999999999
1.086663999999999
1.086663999999999
1.086663999999999
1.086663999999999
1.086663999999999
1.086663999999999
1.086663999999999
1.086663999999999
1.086663999999999
1.086663999999999
1.086663999999999
1.086663999999999
1.086663999999999
1.086663999999999
1.086663999999999
1.086663999999999
1.086663999999999
1.086663999999999
1.086663999999999
1.086663999999999
1.086663999999999
1.086663999999999
1.086663999999999
1.086663999999999
1.086663999999999
1.086663999999999
1.086663999999999
1.086663999999999
1.086663999999999
1.086663999999999
1.086663999999999
1.086663999999999
1.086663999999999
1.086663999999999
1.086663999999999
1.086663999999999
1.086663999999999
1.086663999999999
1.086663999999999
1.086663999999999
1.086663999999999
1.086663999999999
1.086663999999999
1.086663999999999
1.086663999999999
1.086663999999999
1.086663999999999
1.086663999999999
1.086663999999999
1.086663999999999
1.086663999999999
1.086663999999999
1.086663999999999
1.086663999999999
1.086663999999999
1.086663999999999
1.086663999999999
1.086663999999999
1.086663999999999
1.086663999999999
1.086663999999999
1.086663999999999
1.086663999999999
1.086663999999999
1.086663999999999
1.086663999999999
1.086663999999999
1.086663999999999
1.086663999999999
1.086663999999999
1.086663999999999
1.086663999999999
1.086663999999999
1.086663999999999
1.086663999999999
1.086663999999999
1.086663999999999
1.086663999999999
1.086663999999999
1.086663999999999
1.086663999999999
1.086663999999999
1.086663999999999
1.086663999999999
1.086663999999999
1.086663999999999
1.086663999999999
1.086663999999999
1.086663999999999
1.086663999999999
1.086663999999999
1.0866639999999999
1.0866639999999999
1.0866639999999999
1.0866640000000007
1.0866640000000007
1.0866640000000007
1.0866640000000007
1.0866640000000007
1.0866640000000007
1.0866640000000007
1.0866640000000007
1.0866640000000007
1.0866640000000007
1.0866640000000007
1.0866640000000007
1.0866640000000007
1.0866640000000007
1.0866640000000007
1.0866640000000007
1.0866640000000007
1.0866640000000007
1.0866640000000007
1.0866640000000007
1.0866640000000007
1.0866640000000007
1.0866640000000007
1.0866640000000007
1.0866640000000007
1.0866640000000007
1.0866640000000007
1.0866640000000007
1.0866640000000007
1.0866640000000007
1.0866640000000007
1.0866640000000007
1.0866640000000007
1.0866640000000007
1.0866640000000007
1.0866640000000007
1.0866640000000007
1.0866640000000007
1.0866640000000007
1.0866640000000007
1.0866640000000007
1.0866640000000007
1.0866640000000025
1.0866640000000025
1.0866640000000025
1.0866640000000025
1.0866640000000025
1.0866640000000025
1.0866640000000025
1.0866640000000025
1.0866640000000025
1.0866640000000025
1.0866640000000025
1.0866640000000025
1.0866640000000025
1.0866640000000025
1.0866640000000025
1.0866640000000025
1.0866640000000025
1.0866640000000025
1.0866640000000025
1.0866640000000025
1.0866640000000025
1.0866640000000025
1.0866640000000025
1.0866640000000025
1.0866640000000025
1.0866640000000025
1.0866640000000025
1.0866640000000025
1.0866640000000025
1.0866640000000025
1.0866640000000025
1.0866640000000025
1.0866640000000025
1.0866640000000025
1.0866640000000025
1.0866640000000025
1.0866640000000025
1.0866640000000025
1.0866640000000025
1.0866640000000025
1.0886053320000002
1.0886213280000003
1.0886293279999997
1.0886293279999997
1.0886293279999997
1.0886293279999997
1.0886293279999997
1.0886293279999997
1.0886293279999997
1.0886293279999997
1.0886293279999997
1.0886293279999997
1.0886293279999997
1.0886293279999997
1.0886293279999997
1.0886293279999997
1.0886293279999997
1.0886293279999997
1.0886293279999997
1.0886293279999997
1.0886293279999997
1.0886293279999997
1.0886293279999997
1.0886293279999997
1.0886293279999997
1.0886293279999997
1.0886293279999997
1.0886293279999997
1.0886293279999997
1.0886293279999997
1.0886293279999997
1.0886293279999997
1.0886293279999997
1.0886293279999997
1.0886293279999997
1.0886293279999997
1.0886293279999997
1.0886293279999997
1.0886293279999997
1.0886293279999997
1.0886293279999997
1.0886293279999997
1.0886293279999997
1.0886293279999997
1.0886293279999997
1.0886293280000015
1.0886293280000032
1.088832
1.0888799999999996
1.0888799999999996
1.0888799999999996
1.0888800000000014
1.0902159999999999
1.0902719999999988
1.0902719999999988
1.0902719999999988
1.0902719999999988
1.0902719999999988
1.0902719999999988
1.0902719999999988
1.0902719999999988
1.0902719999999988
1.0902719999999988
1.0902719999999988
1.0902719999999988
1.0902719999999988
1.0902719999999988
1.0902719999999988
1.0902719999999988
1.0902719999999988
1.0902719999999988
1.0902719999999988
1.0902719999999988
1.0902719999999988
1.0902719999999988
1.0902719999999988
1.0902719999999988
1.0902719999999988
1.0902719999999988
1.0902719999999997
1.0902720000000006
1.0902720000000006
1.0902720000000006
1.0902720000000006
1.0902720000000006
1.0902720000000006
1.0902720000000006
1.0902720000000006
1.0902720000000006
1.0902720000000006
1.0902720000000006
1.0902720000000006
1.0902720000000006
1.0902720000000006
1.0902720000000006
1.0902720000000006
1.0902720000000006
1.0902720000000024
1.0902720000000024
1.0902720000000024
1.0902720000000024
1.0902720000000024
1.0902720000000024
1.0902720000000024
1.0902720000000024
1.0902720000000024
