0.54664
0.5566399999999998
0.50664
0.5485813329999996
0.54664
0.5566399999999998
0.54664
0.5566399999999998
0.49715733900000014
0.50664
0.5485813330000004
0.5566399999999998
1.0866160000000002
0.54664
0.9466160000000006
0.5566399999999998
0.54664
0.5566399999999998
0.54664
0.9885733290000003
1.0466159999999993
0.5566399999999998
0.4985813339999998
0.9466159999999997
0.5552320039999996
0.5566399999999998
0.9866159999999997
0.5618906710000005
0.4966399999999993
0.50664
0.5485813329999996
0.9866159999999997
1.0466159999999993
0.5566399999999998
0.54664
0.9885733290000003
0.5466399999999991
0.5566400000000007
0.50664
0.5485813330000004
0.9866160000000006
1.0466159999999993
0.5566399999999998
0.4966399999999993
1.0866159999999994
0.54664
0.5566399999999998
1.0466160000000002
0.5566400000000007
0.5466399999999991
0.9466159999999997
1.0866160000000002
0.5066399999999991
0.5485813330000004
0.54664
0.5566399999999998
1.0466160000000002
0.5566399999999998
0.54664
1.0866159999999994
0.54664
0.5566399999999998
1.0866160000000002
0.5618906719999988
0.54664
1.0466159999999993
0.4966880000000007
1.0866160000000002
0.5066880000000005
0.5486373330000003
0.5566880000000012
1.0866159999999994
0.5618986719999999
0.5466880000000014
1.0466160000000002
0.5466879999999996
1.0886213280000003
0.9466159999999988
0.5566879999999994
0.5566879999999994
0.5466879999999996
1.0466160000000002
0.5466879999999996
1.0866159999999994
0.5466880000000014
0.5566880000000012
0.5566879999999994
0.5566879999999994
1.0466639999999998
0.5552880049999995
0.5466879999999996
1.0886293279999997
0.5066880000000005
0.5566880000000012
0.5466879999999996
1.0886293279999997
1.0466639999999998
0.5466880000000014
1.0866640000000007
0.5066879999999987
0.5486373330000003
0.5066880000000005
0.5566879999999994
0.5466879999999996
1.0886293279999997
1.0466639999999998
0.5466879999999996
0.9466640000000002
1.0886053320000002
0.5638880040000007
0.5566880000000012
0.5466880000000014
0.5466879999999996
1.0466639999999998
0.5466879999999996
0.5066880000000005
1.086663999999999
0.5566879999999994
0.5566879999999994
0.5466879999999996
1.0466639999999998
0.5466880000000014
1.0866640000000007
0.5619466719999995
0.5566879999999994
0.5466879999999996
0.4966880000000007
1.086663999999999
1.0466639999999998
0.5466879999999996
0.5566879999999994
1.086663999999999
0.5066880000000005
0.9466640000000002
0.5552880040000012
0.5566879999999994
0.5466879999999996
1.0886293279999997
0.5566879999999994
0.5466879999999996
1.0466639999999998
0.5566879999999994
0.5466879999999996
1.086663999999999
0.5466880000000014
0.5566880000000012
1.0466639999999998
1.0866640000000007
0.5619466719999995
0.5466879999999996
0.5566879999999994
0.5466879999999996
1.0466639999999998
0.5566879999999994
0.5466879999999996
1.0886293279999997
0.5566880000000012
0.5466880000000014
1.0866640000000007
0.5466879999999996
1.0466640000000016
0.5566879999999994
1.086663999999999
0.5619466719999995
0.5038960059999997
0.5466879999999996
1.0466639999999998
0.5566880000000012
1.0866640000000007
0.5619466720000013
0.5466880000000014
0.5466879999999996
1.0466640000000016
0.5566879999999994
0.5466879999999996
1.086663999999999
0.5566879999999994
1.0466639999999998
0.5566879999999994
0.49863733399999965
1.0866640000000007
0.5466880000000014
0.5566880000000012
1.0466639999999998
0.5566879999999994
0.49863733399999965
0.5466879999999996
1.0886293279999997
0.5566879999999994
0.5466879999999996
1.086663999999999
1.0466639999999998
0.5566880000000012
0.5566880000000012
0.5466880000000014
1.0866640000000007
0.5466879999999996
1.0466640000000016
0.5566879999999994
0.5566879999999994
0.5466879999999996
1.086663999999999
0.5466879999999996
0.5466879999999996
1.0466639999999998
0.5566880000000012
0.5066879999999987
1.0866640000000007
0.5966880000000003
0.5566879999999994
1.0466640000000016
0.5466879999999996
1.0886293279999997
0.5566879999999994
0.5566879999999994
0.5466879999999996
1.0466639999999998
0.4966880000000007
0.5466880000000014
1.0886293279999997
0.5566879999999994
0.5566879999999994
1.0866640000000007
0.5466879999999996
1.0466639999999998
0.5566879999999994
0.5466879999999996
1.0886293279999997
0.5066880000000005
0.5466880000000014
1.0466639999999998
0.5566880000000012
0.5466879999999996
1.0866640000000007
0.5466879999999996
1.0466639999999998
0.5566879999999994
0.5566879999999994
0.5466879999999996
1.086663999999999
0.5566880000000012
1.0466639999999998
0.5466880000000014
1.0866640000000007
0.5619466719999995
0.5466879999999996
0.5566879999999994
0.5466879999999996
1.0466639999999998
0.5466879999999996
1.086663999999999
0.5619466719999995
0.5566879999999994
0.5466879999999996
1.0866640000000007
1.0466639999999998
0.5566880000000012
0.5466879999999996
1.0866640000000007
0.5619466719999995
0.5038960059999997
0.5466879999999996
1.0466639999999998
0.5566879999999994
0.5466879999999996
1.0886293279999997
0.5566880000000012
0.5466880000000014
1.0466639999999998
0.5566879999999994
1.0866640000000007
0.5966879999999986
0.5566879999999994
1.0466639999999998
0.5566879999999994
0.49863733399999965
1.0866640000000007
0.5466880000000014
0.5566880000000012
1.0466640000000016
0.5466879999999996
0.5566879999999994
0.5466879999999996
1.0886293279999997
0.5566879999999994
0.5466880000000014
1.0866640000000007
1.046663999999998
0.5566879999999994
0.5566880000000012
0.5466880000000014
1.0866640000000007
0.5466879999999996
1.0466640000000016
0.5566879999999976
0.5466879999999996
1.086663999999999
0.5619466720000013
0.5466879999999996
1.0466639999999998
0.5566880000000012
0.5466879999999996
0.5066880000000005
1.086663999999999
0.5966880000000003
0.5566879999999976
1.0466639999999998
0.5466879999999996
1.0886293280000015
0.5566880000000012
0.5466880000000032
1.0466639999999998
0.5566879999999976
0.5466879999999996
1.086663999999999
0.5619466720000013
0.5466879999999996
0.5566879999999976
1.086663999999999
0.5466879999999996
1.0466639999999998
0.5566880000000012
0.5466879999999996
1.0886293279999997
0.5466879999999996
1.0466639999999998
0.5566880000000012
0.5566879999999976
0.5466879999999996
1.0886293279999997
0.5566880000000012
1.0466639999999998
0.5552880050000013
0.5566880000000012
0.5466880000000032
1.0866640000000025
0.5566879999999976
1.0466639999999998
0.5466879999999996
0.5466879999999996
1.0886293279999997
0.5566880000000012
0.5566879999999976
1.0466639999999998
0.5466879999999996
0.5566880000000012
0.5466880000000032
1.0886293279999997
0.5566880000000012
0.5466879999999996
1.086663999999999
1.0466639999999998
0.5566880000000012
0.5466879999999996
0.5466879999999996
1.0886293279999997
0.5066880000000005
1.0466639999999998
0.5566880000000012
0.5466879999999996
1.0866640000000025
0.5619466720000013
0.5466879999999996
0.5466879999999996
1.0466639999999998
0.5566880000000012
1.086663999999999
0.5966880000000003
0.5566880000000012
1.0466639999999998
0.5466879999999996
1.0866640000000025
0.5619466720000013
0.5566879999999976
0.5466879999999996
1.0466639999999998
0.5566880000000012
0.49863733400000143
0.5466879999999996
1.0886293279999997
0.5566880000000012
0.5466880000000032
1.0866640000000025
1.0466639999999998
0.5566879999999976
0.5466879999999996
1.0866640000000025
0.5619466720000013
0.5466879999999996
1.0466639999999998
0.5566879999999976
0.5566880000000012
0.5466879999999996
1.086663999999999
0.5466879999999996
1.0466639999999998
0.5566880000000012
0.5466879999999996
1.086663999999999
0.5966880000000003
0.5566880000000012
1.0466639999999998
0.5566880000000012
0.5466879999999996
1.0886293279999997
0.5566880000000012
0.5566880000000012
0.5466879999999996
1.0466639999999998
0.5466879999999996
1.0866640000000025
0.5619466720000013
0.5466879999999996
0.5466879999999996
1.086663999999999
1.0466639999999998
0.5566879999999976
0.5566880000000012
0.5466880000000032
1.0886293279999997
0.5066879999999969
0.5466879999999996
1.0466640000000034
0.5566879999999976
0.5466879999999996
1.0886293279999997
0.5566880000000012
0.49863733400000143
1.0466639999999998
0.5466879999999996
0.5066880000000005
1.0866640000000025
0.5966880000000003
1.0466639999999998
0.5566880000000012
1.086663999999999
0.5619466719999977
0.5466879999999996
0.5566879999999976
1.0466639999999998
0.5466879999999996
0.5466879999999996
1.086663999999999
0.5619466720000013
0.5466879999999996
0.5566880000000012
1.086663999999999
0.5466879999999996
1.0466639999999998
0.5566879999999976
1.086663999999999
0.5619466719999977
0.5466879999999996
1.0466639999999998
0.5566880000000012
0.5466879999999996
0.5466879999999996
1.0886293279999997
0.5566879999999976
1.0466639999999998
0.5552880049999978
0.5566880000000012
0.5466879999999996
1.086663999999999
0.5566879999999976
1.0466639999999998
0.5566880000000012
0.5466879999999996
1.0886293279999997
0.5566879999999976
0.5466879999999996
1.0466640000000034
0.5466879999999996
0.5566880000000012
0.5466879999999996
1.0886293279999997
0.5566880000000012
0.5466879999999996
1.0866640000000025
1.0466639999999998
0.5566880000000012
0.5566880000000012
0.5466879999999996
1.0886293280000032
0.5466879999999996
1.0466639999999998
0.5566879999999976
0.5466879999999996
1.086663999999999
0.5619466720000013
0.5466879999999996
0.5466879999999996
1.0466639999999998
0.5566880000000012
0.5066880000000005
1.086663999999999
0.5966880000000003
1.0466639999999998
0.5566879999999976
0.5466879999999996
1.0886293279999997
0.5566879999999976
0.5466879999999996
1.0466639999999998
0.5566880000000012
0.4986373339999979
0.5466879999999996
1.0886293279999997
0.5566879999999976
0.5566879999999976
1.086663999999999
0.5466879999999996
1.0466639999999998
0.5566880000000012
0.5466879999999996
1.0886293279999997
0.5466880000000032
1.0466639999999998
0.5566880000000012
0.5566879999999976
0.5466879999999996
1.086663999999999
0.5466879999999996
1.0466639999999998
0.5566880000000012
0.5566879999999976
0.5466879999999996
1.0866640000000025
0.5566880000000012
1.0466639999999998
0.5466879999999996
0.5466879999999996
1.0886293279999997
0.5566880000000012
0.5566879999999976
0.5466879999999996
1.0466639999999998
0.5466879999999996
1.086663999999999
0.5619466720000013
0.5566880000000012
0.5466880000000032
1.086663999999999
1.0466639999999998
0.5566880000000012
0.5466879999999996
0.5466879999999996
1.0886293279999997
0.5066880000000005
0.5466879999999996
1.0466639999999998
0.5566880000000012
0.5466879999999996
1.0886293279999997
0.5566880000000012
0.5466879999999996
1.0466639999999998
0.5566880000000012
1.086663999999999
0.5966880000000003
0.5566879999999976
1.0466639999999998
0.5466879999999996
1.0866640000000025
0.5619466720000013
0.5466880000000032
0.5566880000000012
1.0466639999999998
0.5466879999999996
0.5566880000000012
0.5466879999999996
1.0886293279999997
0.5566880000000012
0.5466879999999996
1.086663999999999
1.0466639999999998
0.5566880000000012
0.5466879999999996
1.0866640000000025
0.5619466720000013
0.5466879999999996
1.0466639999999998
0.5566879999999976
0.5466879999999996
1.086663999999999
0.5619466720000013
0.5466879999999996
1.0466639999999998
0.5566880000000012
0.5466880000000032
1.086663999999999
0.5966880000000003
0.5566880000000012
1.0466640000000034
0.5566880000000012
0.5466879999999996
1.0886293279999997
0.5566879999999976
0.5466879999999996
1.0466639999999998
0.5566880000000012
0.5466880000000032
1.0866640000000025
0.5619466720000013
0.5466879999999996
0.5466879999999996
1.086663999999999
1.0466639999999998
0.5566879999999976
0.5566880000000012
0.5466879999999996
1.0886293279999997
0.5466880000000032
1.0466639999999998
0.5566880000000012
0.5566879999999976
0.5466879999999996
1.0886293279999997
0.5566880000000012
0.49863733400000143
1.0466639999999998
0.5466879999999996
0.5066880000000005
1.086663999999999
0.5966880000000003
1.0466639999999998
0.5566880000000012
0.5466879999999996
1.0886293279999997
0.5566880000000012
0.5566879999999976
1.0466639999999998
0.5466879999999996
0.5466879999999996
1.086663999999999
0.5619466720000013
0.5466879999999996
0.5566880000000012
1.086663999999999
0.5466879999999996
1.0466640000000034
0.5566879999999976
0.5466879999999996
1.0886293279999997
0.5066880000000005
1.0466639999999998
0.5566880000000012
0.5466879999999996
0.5466879999999996
1.0886293279999997
0.5566880000000012
1.0466639999999998
0.5552880049999978
0.5566880000000012
0.5466879999999996
1.0866640000000025
0.5566879999999976
1.0466639999999998
0.5466879999999996
1.086663999999999
0.5619466719999977
0.5566880000000012
0.5466879999999996
1.0466639999999998
0.5466879999999996
0.5566880000000012
0.5466879999999996
1.0886293279999997
0.5566880000000012
0.5466879999999996
1.086663999999999
1.0466639999999998
0.5566880000000012
0.5466879999999996
1.0866640000000025
0.5619466720000013
0.5466879999999996
1.0466640000000034
0.5566879999999976
0.5466879999999996
1.086663999999999
0.5619466720000013
0.5466879999999996
0.5466879999999996
1.0466639999999998
0.5566880000000012
1.086663999999999
0.5966880000000003
0.5566880000000012
1.0466639999999998
0.5566880000000012
0.5466879999999996
1.0886293279999997
0.5566879999999976
0.5466879999999996
1.0466639999999998
0.5566880000000012
0.49863733400000143
0.5466879999999996
1.0886293279999997
0.5566880000000012
0.5466879999999996
1.0866640000000025
1.0466639999999998
0.5566879999999976
0.5566880000000012
0.5466879999999996
1.0886293279999997
0.5466879999999996
1.0466639999999998
0.5566880000000012
0.5566880000000012
0.5466879999999996
1.086663999999999
0.5466879999999996
1.0466639999999998
0.5566880000000012
0.5466879999999996
0.5066880000000005
1.086663999999999
0.5966880000000003
1.0466639999999998
0.5566880000000012
0.5466880000000032
1.0886293279999997
0.5566880000000012
0.5566879999999976
0.5466879999999996
1.0466639999999998
0.5466879999999996
1.086663999999999
0.5619466720000013
0.5466879999999996
0.5566880000000012
1.086663999999999
0.5466879999999996
1.0466639999999998
0.5566879999999976
0.5466879999999996
1.0886293279999997
0.5066880000000005
0.5466879999999996
1.0466639999999998
1.0886293279999997
1.0466639999999998
1.0866640000000025
1.0466639999999998
1.086663999999999
