0.806616
0.8566159999999998
0.846616
0.8566159999999998
0.806616
1.0866160000000002
0.806616
0.8566159999999998
0.846616
1.0866160000000002
0.8566159999999998
0.8566159999999998
0.846616
0.806616
0.9866160000000006
0.8566159999999998
0.8566160000000007
0.8566159999999998
0.9466159999999997
0.8566159999999998
0.8566159999999989
1.0466159999999993
0.846616
1.0866160000000011
0.8566160000000007
1.0466159999999993
0.8552160000000004
0.8566160000000007
0.8466160000000009
0.9066160000000005
0.8566159999999989
1.0866160000000002
0.8566160000000007
0.8566159999999998
0.9866160000000006
0.8466160000000009
0.8966159999999999
0.8466159999999991
0.8566160000000007
0.8566159999999989
1.0866160000000002
1.0466159999999984
0.8552160000000004
0.8566159999999989
1.0466160000000002
0.8566160000000007
1.0466160000000002
0.9066159999999996
0.9066159999999996
1.0866159999999994
0.9066159999999996
0.8966159999999999
0.9866160000000015
0.8466160000000009
0.8566159999999989
0.9866159999999997
1.0466160000000002
0.9066160000000014
0.8466159999999991
0.9066159999999996
0.8966159999999999
1.0866159999999994
0.9066159999999996
0.9066159999999996
0.9066159999999996
1.0466159999999984
0.9066160000000014
0.8966159999999999
1.0466160000000002
0.9066159999999996
0.9866159999999997
0.9066160000000014
0.9066159999999996
0.9066159999999996
0.8566160000000007
1.0866159999999994
0.9466160000000006
1.0866159999999994
0.9466159999999988
0.9066159999999996
0.8966159999999999
0.9066159999999996
0.9066159999999996
1.0866160000000011
0.9066159999999996
0.8966159999999999
1.0466160000000002
0.9066159999999996
0.9066159999999996
0.9066159999999996
0.9066159999999996
0.9866160000000015
1.0466160000000002
0.9466160000000006
1.0466159999999984
0.9066160000000014
0.9866159999999997
0.9466160000000006
0.9566159999999986
0.9066159999999996
0.8966159999999999
1.0866160000000011
0.9066159999999996
0.9866159999999997
0.9066159999999996
0.9066159999999996
0.9066160000000014
0.9466160000000006
0.9566159999999986
0.9566160000000004
0.9466159999999988
0.9566160000000004
1.0866160000000011
0.9952159999999992
0.9066159999999996
0.9066160000000014
1.0466160000000002
0.9066159999999996
0.9466159999999988
0.9566160000000004
1.0466160000000002
0.9866160000000015
0.9566160000000004
0.9566159999999986
0.9466160000000006
0.9566160000000004
0.9466160000000006
1.0866159999999994
0.9566159999999986
0.9566160000000004
1.0466160000000002
0.9866159999999997
0.906664000000001
0.9466640000000002
1.086663999999999
0.9466640000000002
0.956664
0.956664
0.956664
0.956664
0.956664
1.0466639999999998
0.956664
1.086663999999999
0.956664
1.0466639999999998
0.8966640000000012
0.956664
1.0866640000000007
0.956664
0.9466640000000002
0.956664
1.0866640000000007
0.956664
0.906664000000001
0.956664
1.086663999999999
0.956664
0.956664
0.956664
1.0466639999999998
0.956664
0.956664
1.0866640000000007
0.956664
0.9466640000000002
0.956664
0.956664
0.9866640000000011
0.956664
1.0466639999999998
0.956664
0.9866639999999993
0.956664
0.956664
0.956664
0.9866639999999993
0.9466640000000002
0.9566640000000017
0.9866639999999993
0.956664
0.956664
0.956664
0.9466640000000002
0.9566639999999982
0.956664
0.9466639999999984
1.0066640000000007
0.9866639999999993
0.9566639999999982
0.946664000000002
0.956664
0.9866639999999975
0.9466640000000002
1.006663999999999
0.9966639999999991
0.9866640000000011
1.0066640000000007
1.0066639999999971
0.946664000000002
1.0066640000000007
0.9866640000000011
0.956664
0.956664
1.0466639999999998
1.0066640000000007
1.0066640000000007
1.0066640000000007
0.9866639999999975
0.956664
0.9966639999999991
1.0066640000000007
0.9866639999999975
1.0066639999999971
0.9966640000000027
0.9866640000000011
1.0066640000000007
0.9866639999999975
0.9966640000000027
0.9052720000000001
1.0066640000000007
0.9966639999999991
1.0466639999999998
0.956664
0.956664
1.0866640000000025
0.956664
1.0066639999999971
0.9966640000000027
1.0066640000000007
0.9866639999999975
1.0466639999999998
1.0066639999999971
0.9866640000000011
1.0466639999999998
0.9866640000000011
1.0066640000000007
0.9866639999999975
0.956664
0.9966639999999991
1.0066640000000007
1.0466639999999998
1.0066639999999971
1.0066640000000007
1.0066640000000007
1.0066640000000007
0.9966639999999991
1.086663999999999
1.0066640000000007
1.0466639999999998
1.0466639999999998
1.0066639999999971
1.086663999999999
0.9866640000000011
1.0466639999999998
0.9866640000000011
0.956664
1.0066639999999971
1.0066640000000007
1.0866640000000025
1.0066640000000007
1.0066640000000007
1.0066639999999971
1.0066640000000007
0.9966639999999991
1.0066640000000007
1.0066640000000007
1.0066639999999971
1.0466639999999998
0.9966639999999991
0.8866639999999997
1.0066640000000007
1.0466639999999998
0.956664
0.9866640000000011
1.0066640000000007
0.9866640000000011
1.0466639999999998
1.0066640000000007
1.0066640000000007
1.0066640000000007
0.9866639999999975
0.9966640000000027
1.0066640000000007
1.0066640000000007
0.9466639999999984
1.0066640000000007
0.9966640000000027
1.0066640000000007
1.0066640000000007
1.0466639999999998
1.0066640000000007
1.086663999999999
1.0466639999999998
1.0066640000000007
1.086663999999999
1.0066639999999971
0.956664
0.956664
1.0866640000000025
0.9966639999999991
0.956664
0.956664
1.086663999999999
1.0066640000000007
0.9966639999999991
1.0466639999999998
1.0066640000000007
1.0066640000000007
0.9966639999999991
1.0066639999999971
1.086663999999999
1.0466639999999998
1.0466639999999998
1.0066640000000007
1.0066640000000007
0.9866639999999975
1.0066640000000007
1.0066640000000007
0.9866640000000011
1.0066640000000007
1.0066639999999971
1.0066640000000007
0.9866640000000011
1.0066640000000007
1.0466639999999998
1.0066639999999971
1.0066640000000007
0.9966639999999991
0.9966639999999991
1.0066640000000007
0.9866640000000011
1.0566639999999978
1.0466639999999998
1.0066640000000007
0.9966639999999991
0.9866639999999975
1.0066640000000007
1.0066640000000007
0.9866640000000011
1.0066640000000007
1.0066639999999971
0.9966640000000027
0.9866640000000011
0.9966639999999991
1.0066640000000007
1.0066639999999971
1.0466639999999998
1.0466639999999998
1.0066640000000007
1.0466639999999998
0.9866640000000011
1.0566639999999978
1.0466639999999998
1.0066640000000007
0.9966639999999991
0.9866639999999975
1.0066640000000007
0.9966639999999991
0.9866640000000011
1.0066640000000007
1.0466639999999998
0.9866640000000011
1.0566640000000014
1.0066640000000007
1.0066640000000007
0.9966639999999991
0.8866639999999997
1.0466639999999998
1.0066640000000007
1.0566640000000014
1.0066639999999971
0.9966640000000027
1.0066640000000007
1.0066640000000007
0.9966639999999991
0.9866639999999975
1.0066640000000007
0.9966639999999991
0.9866640000000011
1.0466639999999998
1.0566639999999978
0.9866640000000011
1.0466639999999998
1.0066640000000007
1.0466639999999998
0.8866639999999997
0.9966640000000027
1.0566639999999978
1.0466639999999998
1.0066640000000007
1.0466639999999998
1.0066640000000007
1.0066640000000007
1.0066640000000007
0.9966639999999991
0.9866639999999975
1.0066640000000007
0.9866640000000011
1.0566640000000014
1.0566639999999978
1.0566639999999978
0.9866640000000011
1.0466639999999998
1.0466639999999998
1.0566639999999978
1.0466639999999998
0.9866640000000011
1.0466639999999998
1.0066640000000007
1.0466639999999998
1.0066639999999971
1.0066640000000007
1.0066640000000007
1.0066640000000007
0.9966639999999991
0.9866639999999975
1.0566640000000014
0.9866640000000011
1.0566640000000014
1.0566639999999978
0.9966640000000027
1.0566639999999978
0.9866640000000011
1.0566640000000014
1.0466639999999998
1.0466639999999998
0.9866640000000011
1.0466639999999998
0.9866639999999975
1.0566640000000014
1.0066639999999971
1.0066640000000007
1.0066640000000007
1.0066640000000007
0.9966639999999991
1.0466639999999998
1.0566640000000014
0.9866640000000011
1.0566640000000014
1.0566639999999978
1.0466639999999998
0.9866640000000011
1.0566640000000014
1.0566640000000014
0.8866639999999997
1.0466639999999998
1.0466639999999998
1.0466639999999998
0.9866639999999975
1.0566640000000014
1.0566639999999978
1.0466639999999998
1.0066640000000007
1.0466639999999998
1.0466639999999998
1.0466639999999998
1.0566640000000014
0.9866640000000011
1.0566640000000014
1.0466639999999998
1.0566639999999978
0.9866640000000011
1.0566640000000014
1.0566640000000014
0.9866639999999975
1.0466639999999998
1.0466639999999998
1.0566640000000014
0.9866639999999975
1.0566640000000014
0.9866640000000011
1.0566639999999978
1.0466639999999998
1.0066640000000007
1.0466639999999998
1.0066639999999971
1.0066640000000007
1.0066640000000007
1.0466639999999998
1.0566639999999978
1.0566639999999978
0.9866640000000011
1.0566640000000014
1.0566640000000014
0.9866639999999975
1.0466639999999998
0.8866639999999997
1.0466639999999998
1.0566640000000014
1.0566640000000014
0.9866640000000011
1.0566639999999978
1.0466639999999998
0.8177760000000003
0.8177760000000003
0.8177760000000003
0.7777760000000002
0.8177760000000003
0.8177760000000003
1.0177759999999996
0.8177759999999994
0.8177759999999994
0.7777760000000002
0.9177759999999999
0.8177759999999994
0.9177759999999999
0.826384
0.8177760000000003
1.115552
0.82416
0.8177759999999994
1.115552
0.82416
0.8177760000000003
0.7777759999999994
0.8177759999999994
0.8177760000000003
0.7777760000000002
1.1155519999999992
0.7777760000000011
0.7777759999999994
0.8677760000000001
1.0177759999999996
0.8763840000000007
0.8677759999999992
0.8177760000000003
1.0177759999999996
0.8177760000000003
0.8277760000000001
1.115552
1.0241599999999993
0.8327679999999997
0.8277760000000001
0.8177760000000003
0.8177760000000003
0.8277760000000001
1.0155519999999996
0.8741599999999998
0.8177760000000003
0.8777760000000008
0.867776000000001
0.8677759999999992
0.8677759999999992
0.8177760000000003
0.8777760000000008
1.0177759999999996
0.8763839999999998
0.8277760000000001
0.8677759999999992
0.8277760000000001
0.8677759999999992
0.8677759999999992
1.1263839999999998
0.8349919999999997
0.8277760000000001
0.9177759999999999
0.8677759999999992
0.867776000000001
1.1155519999999992
0.8741599999999998
0.867776000000001
0.8677759999999992
0.877775999999999
0.8677759999999992
0.8677759999999992
1.115552000000001
1.0241600000000002
0.8827680000000004
0.8677759999999992
1.0177759999999996
0.8763839999999998
0.8777760000000008
0.877775999999999
0.8277760000000001
0.9177759999999999
1.0177759999999996
0.8763839999999998
1.115552000000001
0.8741599999999998
0.8677759999999992
0.9177759999999999
1.0177759999999996
0.9263840000000005
0.9277759999999997
0.8677759999999992
0.8677759999999992
0.8777760000000008
0.877775999999999
1.115552000000001
0.8741599999999998
0.8677759999999992
0.877775999999999
0.9177759999999999
0.867776000000001
1.0177759999999996
0.8763839999999998
0.9177759999999999
1.1155519999999992
1.0241600000000002
0.9327680000000012
0.877775999999999
1.0177759999999996
0.9263840000000005
0.9277760000000015
1.0177759999999996
0.9263840000000005
0.867776000000001
0.8677759999999992
0.9177759999999999
0.9177759999999999
1.1263839999999998
0.8849919999999987
0.9277759999999997
0.9177759999999999
0.8777760000000008
0.9177759999999999
1.115552000000001
0.9241599999999988
0.8827680000000004
1.0177759999999996
0.9177759999999999
1.0177759999999996
0.9277759999999997
0.9177759999999999
0.9177759999999999
0.9177759999999999
0.877775999999999
0.9177759999999999
0.8763839999999998
0.8777760000000008
0.9177759999999999
0.9177759999999999
1.1232880000000005
0.9177759999999999
0.9177759999999999
0.9177759999999999
0.8777760000000008
1.1155519999999992
0.9177759999999999
0.9177759999999999
0.9277759999999997
0.9177759999999999
0.9177759999999999
0.9177759999999999
0.8677759999999992
0.9177759999999999
0.9177759999999999
0.9177759999999999
0.8777760000000008
1.0177759999999996
0.9177759999999999
0.9177759999999999
0.9177759999999999
1.1155519999999992
0.9177759999999999
0.9177759999999999
0.9177759999999999
0.8763839999999998
0.9177759999999999
0.9177759999999999
0.9177759999999999
0.9177759999999999
0.9177759999999999
0.9177759999999999
0.8777760000000008
0.9677759999999989
1.0177759999999996
0.9763840000000013
0.9677760000000006
0.9277759999999997
0.9677759999999989
0.9177759999999999
1.0177760000000013
0.9263839999999988
0.9177760000000017
1.1263839999999998
0.9177759999999999
1.0177759999999996
0.9263839999999988
0.9677760000000006
0.9677759999999989
0.9277760000000015
1.0177759999999996
0.9677760000000006
0.9277759999999979
0.9277759999999997
0.9177759999999999
1.0177759999999996
0.9277760000000015
0.9677760000000006
1.0155519999999996
0.9741600000000012
1.0177760000000013
1.0177760000000013
0.9763839999999995
0.9677759999999971
0.9263840000000023
0.9677760000000006
0.9677760000000006
0.9677760000000006
0.9677759999999971
0.9277760000000015
1.0177760000000013
0.9277760000000015
0.9677760000000006
0.9677759999999971
1.0177760000000013
0.9777760000000022
0.9677760000000006
0.9277759999999979
0.9177759999999999
0.9277760000000015
1.0155520000000031
0.9241600000000005
0.9177759999999999
0.9777759999999986
0.9677760000000006
0.9677760000000006
0.9677760000000006
0.9677760000000006
0.9277759999999979
0.9177759999999999
0.9277760000000015
0.9677760000000006
0.9677760000000006
0.9677759999999971
0.9777760000000022
0.9677760000000006
0.9677760000000006
0.9277759999999979
0.9177759999999999
0.9177759999999999
0.9677760000000006
1.115552000000001
0.9777759999999986
0.9677759999999971
0.9677760000000006
0.9677760000000006
0.9677760000000006
0.9263839999999988
0.9277759999999979
0.9277760000000015
0.9677760000000006
0.9677760000000006
0.9677760000000006
0.9277759999999979
0.9677760000000006
0.9677760000000006
0.8777760000000008
0.9677760000000006
0.9677759999999971
0.9677760000000006
0.9677760000000006
0.9677760000000006
0.9677759999999971
1.115552000000001
0.9741600000000012
0.9327679999999994
0.9277760000000015
0.9677760000000006
0.9677760000000006
0.9677760000000006
0.9263839999999988
1.1155519999999974
0.9277759999999979
0.9677759999999971
0.9677760000000006
0.9677760000000006
0.9777759999999986
0.9677760000000006
0.9677759999999971
0.9677760000000006
0.9277760000000015
0.9677760000000006
0.9677760000000006
0.9677759999999971
0.9277760000000015
0.9277760000000015
0.9677760000000006
0.9677759999999971
0.9263840000000023
1.115552000000001
0.9741600000000012
1.0155519999999996
0.9741599999999977
0.9677759999999971
0.9677760000000006
0.9777760000000022
0.9677760000000006
0.9677760000000006
0.9677759999999971
1.0177760000000013
0.9763839999999995
0.9677760000000006
0.9277759999999979
0.9277759999999979
0.9677760000000006
0.9677760000000006
0.9277760000000015
0.9177759999999999
0.9677759999999971
0.9677760000000006
1.0155519999999996
0.9741600000000012
0.9677759999999971
0.9777760000000022
0.9677760000000006
0.9677760000000006
0.9677760000000006
0.9277760000000015
1.0177759999999978
0.9677760000000006
0.9677760000000006
0.9277759999999979
0.9677759999999971
0.9677760000000006
0.9263840000000023
0.9677760000000006
0.9677760000000006
0.9677759999999971
0.9177759999999999
1.0177760000000013
1.0155519999999996
1.0177759999999978
0.9777759999999986
1.0177760000000013
0.9763839999999995
0.9677760000000006
0.9777759999999986
0.9277760000000015
1.0177759999999978
0.9677760000000006
0.9277759999999979
1.0177760000000013
0.9677759999999971
1.0177760000000013
1.0177760000000013
0.9777759999999986
1.0177759999999978
0.9763839999999995
0.9677760000000006
0.9677760000000006
1.0155519999999996
0.9777759999999986
0.9777759999999986
1.0177760000000013
0.9763839999999995
0.9677760000000006
0.9777759999999986
0.9277760000000015
1.0177759999999978
0.9777760000000022
0.9277759999999979
1.0177760000000013
0.9677759999999971
1.0177760000000013
0.9763839999999995
1.0177760000000013
1.0177759999999978
0.9763839999999995
1.0177760000000013
1.0177760000000013
0.9777759999999986
1.0233279999999993
1.0177759999999978
1.0177760000000013
1.0177760000000013
0.9763839999999995
0.9777759999999986
0.9277760000000015
1.0177759999999978
0.9777760000000022
1.0177760000000013
0.9777759999999986
1.0177759999999978
1.0177760000000013
0.9777760000000022
1.0177760000000013
0.9763839999999995
1.0177759999999978
1.0177760000000013
0.9777760000000022
0.9777759999999986
1.0155519999999996
0.9741599999999977
1.0177760000000013
1.0177760000000013
0.9763839999999995
0.9777759999999986
0.9277760000000015
1.0177759999999978
1.0177760000000013
1.0177760000000013
1.0177759999999978
1.0177759999999978
1.0177760000000013
0.9777760000000022
0.9677760000000006
1.0177759999999978
0.9763839999999995
0.9777760000000022
0.9777760000000022
1.0177760000000013
1.0155519999999996
1.0177759999999978
1.0177760000000013
1.0177760000000013
0.9763839999999995
0.9777759999999986
1.0177759999999978
0.9777760000000022
1.0177760000000013
1.0177760000000013
1.0177759999999978
1.0177759999999978
1.0177760000000013
1.0177760000000013
1.0177760000000013
1.0177759999999978
0.9777759999999986
0.9777760000000022
0.9777760000000022
1.0177760000000013
0.9677759999999971
1.0177760000000013
0.9763839999999995
1.1349920000000004
0.9677760000000006
1.0177759999999978
0.9777759999999986
0.9777760000000022
1.0177760000000013
1.0177760000000013
1.0177759999999978
0.9763839999999995
1.0177760000000013
1.0177760000000013
1.0177760000000013
1.0177759999999978
0.9777759999999986
0.9777760000000022
1.0277759999999994
1.0177760000000013
1.0177759999999978
0.9777759999999986
1.0155520000000031
0.9741600000000012
0.9677760000000006
0.9777759999999986
0.9777759999999986
0.9777760000000022
1.0177760000000013
1.0177760000000013
0.9763839999999995
1.0177759999999978
1.0177760000000013
1.0177760000000013
1.0177760000000013
1.0177759999999978
0.9777759999999986
1.0177760000000013
0.9777760000000022
1.0177760000000013
1.0177759999999978
0.9777759999999986
0.9677760000000006
0.9677760000000006
1.1233280000000008
0.981936000000001
0.9677759999999971
1.0177760000000013
1.0177760000000013
0.9763839999999995
1.0177759999999978
1.0177759999999978
1.0177760000000013
1.0177760000000013
1.0177760000000013
1.0177759999999978
1.0277759999999994
1.0177760000000013
0.9777760000000022
1.0177760000000013
1.0177759999999978
0.9777759999999986
1.0177760000000013
1.0177760000000013
