0.3177919999999972
0.3177919999999972
0.3177919999999972
0.3177919999999972
0.3177919999999972
0.3177919999999972
0.3177919999999972
0.3177919999999972
0.3177919999999972
0.31779199999999896
0.31779199999999896
0.31779199999999896
0.31779199999999896
0.31779199999999896
0.31779199999999896
0.31779199999999896
0.31779199999999896
0.31779199999999985
0.31779199999999985
0.31779199999999985
0.31779199999999985
0.31779200000000074
0.31779200000000074
0.31779200000000074
0.31779200000000074
0.31779200000000074
0.31779200000000074
0.31779200000000074
0.31779200000000074
0.31779200000000074
0.31779200000000074
0.31779200000000074
0.31779200000000074
0.31779200000000074
0.31779200000000074
0.31779200000000074
0.31779200000000074
0.31779200000000074
0.31779200000000074
0.31779200000000074
0.31779200000000074
0.31779200000000074
0.31779200000000074
0.31779200000000074
0.31779200000000074
0.31779200000000074
0.31779200000000074
0.31779200000000074
0.31779200000000074
0.31779200000000074
0.31779200000000074
0.31779200000000074
0.31779200000000074
0.31779200000000074
0.31779200000000074
0.31779200000000074
0.31779200000000074
0.31779200000000074
0.31779200000000074
0.31779200000000074
0.31779200000000074
0.31779200000000074
0.31779200000000074
0.31779200000000074
0.31779200000000074
0.31779200000000074
0.31779200000000074
0.32779199999999875
0.32779199999999875
0.32779199999999875
0.32779199999999875
0.32779199999999875
0.32779199999999875
0.32779199999999875
0.32779199999999875
0.32779199999999875
0.32779199999999875
0.32779199999999875
0.32779199999999875
0.32779199999999875
0.32779199999999875
0.32779199999999875
0.32779199999999875
0.32779199999999875
0.32779199999999875
0.32779199999999875
0.32779199999999875
0.32779199999999875
0.32779199999999875
0.32779199999999875
0.32779199999999875
0.32779199999999875
0.32779199999999875
0.32779199999999964
0.32779199999999964
0.32779199999999964
0.32779199999999964
0.3277920000000005
0.3277920000000005
0.3277920000000005
0.3277920000000005
0.3277920000000005
0.3277920000000005
0.3277920000000005
0.3277920000000005
0.3277920000000005
0.3277920000000005
0.3277920000000005
0.3277920000000005
0.3277920000000005
0.3277920000000005
0.3277920000000005
0.3277920000000005
0.3277920000000005
0.3277920000000005
0.3277920000000005
0.3277920000000023
0.3277920000000023
0.3277920000000023
0.3277920000000023
0.3277920000000023
0.3277920000000023
0.3277920000000023
0.3277920000000023
0.3277920000000023
0.3277920000000023
0.3277920000000023
0.3277920000000023
0.3277920000000023
0.3277920000000023
0.3277920000000023
0.3277920000000023
0.3277920000000023
0.3677919999999979
0.3677919999999979
0.3677919999999979
0.3677919999999979
0.3677919999999979
0.3677919999999979
0.3677919999999979
0.3677919999999979
0.3677919999999979
0.3677919999999979
0.3677919999999979
0.3677919999999979
0.3677919999999979
0.3677919999999979
0.3677919999999979
0.3677919999999979
0.3677919999999979
0.3677919999999979
0.3677919999999979
0.3677919999999979
0.3677919999999979
0.3677919999999979
0.3677919999999979
0.3677919999999979
0.3677919999999979
0.3677919999999979
0.3677919999999979
0.3677919999999979
0.3677919999999979
0.3677919999999979
0.3677919999999979
0.3677919999999979
0.3677919999999979
0.3677919999999979
0.3677919999999979
0.3677919999999979
0.3677919999999979
0.3677919999999979
0.3677919999999979
0.3677919999999979
0.3677919999999979
0.3677919999999979
0.3677919999999979
0.3677919999999979
0.3677919999999979
0.3677919999999979
0.3677919999999979
0.3677919999999997
0.3677919999999997
0.3677919999999997
0.3677919999999997
0.3677919999999997
0.3677919999999997
0.3677919999999997
0.3677919999999997
0.3677919999999997
0.3677919999999997
0.3677919999999997
0.3677919999999997
0.3677919999999997
0.3677919999999997
0.3677919999999997
0.3677919999999997
0.3677919999999997
0.3677919999999997
0.3677919999999997
0.3677919999999997
0.3677919999999997
0.3677919999999997
0.3677919999999997
0.3677919999999997
0.3677919999999997
0.3677919999999997
0.3677919999999997
0.3677919999999997
0.3677919999999997
0.3677919999999997
0.3677919999999997
0.3677919999999997
0.3677919999999997
0.3677919999999997
0.3677919999999997
0.3677919999999997
0.3677919999999997
0.3677919999999997
0.3677919999999997
0.3677919999999997
0.3677919999999997
0.3677919999999997
0.3677919999999997
0.3677919999999997
0.3677919999999997
0.3677919999999997
0.3677919999999997
0.3677919999999997
0.3677919999999997
0.3677919999999997
0.3677919999999997
0.3677919999999997
0.3677919999999997
0.3677919999999997
0.3677919999999997
0.3677919999999997
0.36779200000000056
0.36779200000000056
0.36779200000000056
0.36779200000000056
0.36779200000000056
0.36779200000000056
0.36779200000000145
0.36779200000000145
0.36779200000000145
0.36779200000000145
0.36779200000000145
0.36779200000000145
0.36779200000000145
0.36779200000000145
0.36779200000000145
0.36779200000000145
0.36779200000000145
0.36779200000000145
0.36779200000000145
0.36779200000000145
0.36779200000000145
0.36779200000000145
0.36779200000000145
0.36779200000000145
0.36779200000000145
0.36779200000000145
0.36779200000000145
0.36779200000000145
0.36779200000000145
0.36779200000000145
0.36779200000000145
0.36779200000000145
0.36779200000000145
0.36779200000000145
0.36779200000000145
0.36779200000000145
0.36779200000000145
0.36779200000000145
0.36779200000000145
0.36779200000000145
0.36779200000000145
0.36779200000000145
0.36779200000000145
0.36779200000000145
0.36779200000000145
0.36779200000000145
0.36779200000000145
0.36779200000000145
0.36779200000000145
0.36779200000000145
0.36779200000000145
0.36779200000000145
0.36779200000000145
0.36779200000000145
0.36779200000000145
0.36779200000000145
0.36779200000000145
0.36779200000000145
0.36779200000000145
0.36779200000000145
0.36779200000000145
0.36779200000000145
0.36779200000000145
0.36779200000000145
0.36779200000000145
0.36779200000000145
0.36779200000000145
0.36779200000000145
0.36779200000000145
0.36779200000000145
0.36779200000000145
0.36779200000000145
0.36779200000000145
0.36779200000000145
0.36779200000000145
0.36779200000000145
0.36779200000000145
0.36779200000000145
0.36779200000000145
0.36779200000000145
0.36779200000000145
0.36779200000000145
0.36779200000000145
0.36779200000000145
0.36779200000000145
0.36779200000000145
0.36779200000000145
0.36779200000000145
0.36779200000000145
0.36779200000000145
0.36779200000000145
0.37779199999999946
0.37779199999999946
0.37779199999999946
0.37779199999999946
0.37779199999999946
0.37779199999999946
0.37779199999999946
0.37779199999999946
0.37779199999999946
0.37779199999999946
0.37779199999999946
0.37779199999999946
0.37779199999999946
0.37779199999999946
0.37779199999999946
0.37779199999999946
0.37779199999999946
0.37779199999999946
0.37779199999999946
0.37779199999999946
0.37779199999999946
0.37779199999999946
0.37779199999999946
0.37779199999999946
0.37779199999999946
0.37779199999999946
0.37779199999999946
0.37779199999999946
0.37779199999999946
0.37779199999999946
0.37779199999999946
0.37779199999999946
0.37779199999999946
0.37779199999999946
0.37779199999999946
0.37779199999999946
0.37779199999999946
0.37779199999999946
0.37779199999999946
0.37779199999999946
0.37779199999999946
0.37779199999999946
0.37779199999999946
0.37779199999999946
0.37779199999999946
0.37779199999999946
0.37779199999999946
0.37779199999999946
0.37779199999999946
0.37779199999999946
0.37779199999999946
0.37779200000000035
0.37779200000000035
0.37779200000000035
0.37779200000000035
0.37779200000000124
0.37779200000000124
0.37779200000000124
0.37779200000000124
0.37779200000000124
0.37779200000000124
0.37779200000000124
0.37779200000000124
0.377792000000003
0.377792000000003
0.377792000000003
0.377792000000003
0.377792000000003
0.377792000000003
0.377792000000003
0.377792000000003
0.3966399999999979
0.3966399999999979
0.3966399999999979
0.39663999999999966
0.39663999999999966
0.39663999999999966
0.39663999999999966
0.39663999999999966
0.39664000000000055
0.39664000000000144
0.39664000000000144
0.3966879999999975
0.3966879999999975
0.39668800000000104
0.40663999999999945
0.40663999999999945
0.40663999999999945
0.40663999999999945
0.40663999999999945
0.40663999999999945
0.40663999999999945
0.40663999999999945
0.40663999999999945
0.40663999999999945
0.40663999999999945
0.40663999999999945
0.40663999999999945
0.40663999999999945
0.40663999999999945
0.40663999999999945
0.40663999999999945
0.40663999999999945
0.40663999999999945
0.40663999999999945
0.40663999999999945
0.40663999999999945
0.40663999999999945
0.40663999999999945
0.40663999999999945
0.40663999999999945
0.40663999999999945
0.40663999999999945
0.40663999999999945
0.40663999999999945
0.40663999999999945
0.40663999999999945
0.40663999999999945
0.40663999999999945
0.40663999999999945
0.40663999999999945
0.40663999999999945
0.40663999999999945
0.40663999999999945
0.40663999999999945
0.40663999999999945
0.40663999999999945
0.40663999999999945
0.40663999999999945
0.40663999999999945
0.40663999999999945
0.40663999999999945
0.40663999999999945
0.40663999999999945
0.40663999999999945
0.40663999999999945
0.40663999999999945
0.40663999999999945
0.40663999999999945
0.40663999999999945
0.40663999999999945
0.40663999999999945
0.40663999999999945
0.40663999999999945
0.40663999999999945
0.40663999999999945
0.40663999999999945
0.40663999999999945
0.40663999999999945
0.40663999999999945
0.40663999999999945
0.40663999999999945
0.40663999999999945
0.40663999999999945
0.40663999999999945
0.40663999999999945
0.40663999999999945
0.40663999999999945
0.40663999999999945
0.40663999999999945
0.40663999999999945
0.40663999999999945
0.40663999999999945
0.40663999999999945
0.40663999999999945
0.40663999999999945
0.40663999999999945
0.40663999999999945
0.40663999999999945
0.40663999999999945
0.40663999999999945
0.40663999999999945
0.40663999999999945
0.40663999999999945
0.40663999999999945
0.40663999999999945
0.40663999999999945
0.40663999999999945
0.40663999999999945
0.40663999999999945
0.40663999999999945
0.40663999999999945
0.40663999999999945
0.40663999999999945
0.40663999999999945
0.40663999999999945
0.40663999999999945
0.40663999999999945
0.40663999999999945
0.40663999999999945
0.40663999999999945
0.40664000000000033
0.40664000000000033
0.40664000000000033
0.40664000000000033
0.40664000000000033
0.40664000000000033
0.4066400000000012
0.4066400000000012
0.4066400000000012
0.4066400000000012
0.4066400000000012
0.4066400000000012
0.4066400000000012
0.4066400000000012
0.4066400000000012
0.4066400000000012
0.4066400000000012
0.4066400000000012
0.4066400000000012
0.4066400000000012
0.4066400000000012
0.4066400000000012
0.4066400000000012
0.4066400000000012
0.4066400000000012
0.4066400000000012
0.406640000000003
0.406640000000003
0.406640000000003
0.406640000000003
0.406640000000003
0.406640000000003
0.406640000000003
0.406640000000003
0.406640000000003
0.406640000000003
0.406640000000003
0.406640000000003
0.406640000000003
0.406640000000003
0.406640000000003
0.406640000000003
0.40668799999999905
0.40668799999999905
0.40668799999999905
0.40668799999999905
0.40668799999999905
0.4066880000000026
0.4177919999999986
0.4177919999999986
0.4177919999999986
0.4177919999999995
0.4177919999999995
0.4177919999999995
0.4177920000000004
0.4177920000000004
0.41779200000000216
0.41779200000000216
0.41779200000000216
0.41779200000000216
0.41779200000000216
0.4241679999999981
0.4241679999999981
0.4241679999999999
0.4241679999999999
0.4263919999999999
0.4263919999999999
0.4263919999999999
0.4263919999999999
0.4263919999999999
0.4263919999999999
0.4263919999999999
0.4263919999999999
0.4263919999999999
0.4263919999999999
0.42779200000000017
0.42779200000000017
0.42779200000000017
0.42779200000000017
0.42779200000000017
0.42779200000000017
0.42779200000000017
0.42779200000000017
0.4466399999999986
0.4466399999999986
0.4466399999999986
0.4466399999999986
0.4466399999999986
0.4466399999999986
0.4466399999999986
0.4466399999999986
0.44664000000000037
0.44664000000000037
0.44664000000000037
0.44664000000000037
0.44664000000000037
0.44664000000000215
0.44664000000000215
0.44664000000000215
0.44664000000000215
0.44664000000000215
0.4466879999999982
0.4466879999999982
0.44668800000000175
0.44668800000000175
0.44668800000000175
0.44668800000000175
0.45523199999999875
0.45523199999999875
0.45523199999999875
0.45523199999999875
0.45523199999999875
0.45523199999999875
0.45523199999999875
0.45523199999999875
0.45523199999999875
0.45523199999999964
0.4552320000000005
0.4552320000000005
0.4552320000000005
0.4552320000000005
0.4552320000000005
0.4552320000000023
0.455248000000001
0.45528799999999947
0.45528799999999947
0.45528799999999947
0.45528799999999947
0.45663999999999927
0.45664000000000016
0.45664000000000016
0.45664000000000016
0.45664000000000016
0.45664000000000016
0.45664000000000016
0.45664000000000016
0.45664000000000016
0.45664000000000016
0.45664000000000016
0.45664000000000016
0.45664000000000016
0.45664000000000016
0.45664000000000016
0.45664000000000016
0.45664000000000016
0.45668799999999976
0.45668799999999976
0.45668799999999976
0.45668799999999976
0.4677919999999993
0.4677919999999993
0.4677919999999993
0.4677919999999993
0.4677919999999993
0.4677919999999993
0.4677919999999993
0.4677919999999993
0.4677919999999993
0.4677919999999993
0.4677919999999993
0.4677919999999993
0.4677919999999993
0.4677919999999993
0.4677919999999993
0.4677919999999993
0.4677919999999993
0.4677919999999993
0.4677919999999993
0.4677919999999993
0.4677919999999993
0.4677919999999993
0.4677919999999993
0.4677919999999993
0.4677919999999993
0.4677919999999993
0.4677919999999993
0.4677919999999993
0.4677919999999993
0.4677919999999993
0.4677919999999993
0.4677919999999993
0.4677919999999993
0.4677919999999993
0.4677919999999993
0.4677919999999993
0.4677919999999993
0.4677919999999993
0.4677919999999993
0.4677920000000002
0.4677920000000002
0.4677920000000002
0.4677920000000002
0.4677920000000002
0.4677920000000002
0.4677920000000011
0.4677920000000011
0.4677920000000011
0.4677920000000011
0.4677920000000011
0.4677920000000011
0.4677920000000011
0.4677920000000011
0.4677920000000011
0.4677920000000011
0.4677920000000011
0.4677920000000011
0.4677920000000011
0.4677920000000011
0.4677920000000011
0.4677920000000011
0.46779200000000287
0.4697413329999982
0.4697413329999982
0.469741333
0.469741333
0.469741333
0.469741333
0.47779199999999733
0.4777919999999991
0.477792
0.477792
0.477792
0.477792
0.4777920000000009
0.4777920000000009
0.4777920000000009
0.4777920000000009
0.4777920000000009
0.4777920000000009
0.4777920000000009
0.4777920000000009
0.4777920000000009
0.4777920000000009
0.4777920000000009
0.4777920000000009
0.4777920000000009
0.4777920000000009
0.4777920000000009
0.4777920000000009
0.4777920000000009
0.4777920000000009
0.4777920000000009
0.4777920000000009
0.4777920000000009
0.4777920000000009
0.4777920000000009
0.4777920000000009
0.4777920000000009
0.4777920000000009
0.4777920000000009
0.4777920000000009
0.4777920000000009
0.4777920000000009
0.4777920000000009
0.4777920000000009
0.4777920000000009
0.4777920000000009
0.4777920000000009
0.4777920000000009
0.4777920000000009
0.4777920000000009
0.4777920000000009
0.4777920000000009
0.4777920000000009
0.4777920000000009
0.4777920000000009
0.4777920000000009
0.4777920000000009
0.4777920000000009
0.4777920000000009
0.4777920000000009
0.4777920000000009
0.4777920000000009
0.4777920000000009
0.4777920000000009
0.4777920000000009
0.4777920000000009
0.4777920000000009
0.4966399999999993
0.4966399999999993
0.4966399999999993
0.4966399999999993
0.4966399999999993
0.4966399999999993
0.4966399999999993
0.4966399999999993
0.4966399999999993
0.4966399999999993
0.4966399999999993
0.4966399999999993
0.4966399999999993
0.4966399999999993
0.4966399999999993
0.4966399999999993
0.4966399999999993
0.4966399999999993
0.4966399999999993
0.4966400000000002
0.4966400000000002
0.4966400000000002
0.4966400000000011
0.4966400000000011
0.4966400000000011
0.4966400000000011
0.4966400000000011
0.4966400000000011
0.4966400000000011
0.4966400000000011
0.4966400000000011
0.4966400000000011
0.4966400000000011
0.4966400000000011
0.4966400000000011
0.4966400000000011
0.4966400000000011
0.4966400000000011
0.4966400000000011
0.4966400000000011
0.4966879999999989
0.4966879999999989
0.4966879999999989
0.4966879999999989
0.4966879999999989
0.4966879999999989
0.4966879999999989
0.4966879999999989
0.4966879999999989
0.4966879999999989
0.4966879999999989
0.4966879999999989
0.4966879999999989
0.4966879999999989
0.49668800000000246
0.49668800000000246
0.5066399999999991
0.5066399999999991
0.5066399999999991
0.50664
0.50664
0.5066400000000009
0.5066879999999969
0.5066879999999969
0.5066880000000005
0.5177919999999983
0.5177919999999991
0.517792
0.517792
0.517792
0.517792
0.517792
0.517792
0.517792
0.517792
0.517792
0.517792
0.517792
0.517792
0.517792
0.517792
0.517792
0.517792
0.517792
0.517792
0.517792
0.517792
0.517792
0.517792
0.517792
0.517792
0.517792
0.517792
0.517792
0.517792
0.517792
0.517792
0.517792
0.517792
0.517792
0.517792
0.517792
0.517792
0.517792
0.517792
0.517792
0.517792
0.517792
0.517792
0.517792
0.517792
0.517792
0.517792
0.517792
0.517792
0.517792
0.517792
0.517792
0.517792
0.517792
0.517792
0.517792
0.517792
0.517792
0.517792
0.517792
0.517792
0.517792
0.517792
0.517792
0.517792
0.517792
0.517792
0.517792
0.517792
0.517792
0.517792
0.517792
0.517792
0.517792
0.517792
0.517792
0.517792
0.517792
0.517792
0.517792
0.517792
0.517792
0.517792
0.517792
0.517792
0.517792
0.517792
0.517792
0.517792
0.517792
0.517792
0.517792
0.517792
0.517792
0.517792
0.517792
0.517792
0.517792
0.517792
0.517792
0.517792
0.517792
0.517792
0.517792
0.517792
0.517792
0.517792
0.517792
0.517792
0.517792
0.517792
0.517792
0.517792
0.517792
0.517792
0.517792
0.517792
0.517792
0.517792
0.517792
0.517792
0.517792
0.517792
0.517792
0.517792
0.517792
0.517792
0.5177920000000009
0.5241679969999993
0.5241679969999993
0.5241679970000028
0.5263919979999994
0.527791999999998
0.527791999999998
0.527791999999998
0.527791999999998
0.527791999999998
0.527791999999998
0.527791999999998
0.527791999999998
0.527791999999998
0.527791999999998
0.527791999999998
0.527791999999998
0.527791999999998
0.527791999999998
0.527791999999998
0.527791999999998
0.527791999999998
0.527791999999998
0.527791999999998
0.527791999999998
0.527791999999998
0.527791999999998
0.527791999999998
0.527791999999998
0.527791999999998
0.527791999999998
0.527791999999998
0.527791999999998
0.527791999999998
0.527791999999998
0.527791999999998
0.527791999999998
0.527791999999998
0.527791999999998
0.527791999999998
0.527791999999998
0.527791999999998
0.527791999999998
0.5277919999999989
0.5277919999999998
0.5277919999999998
0.5277919999999998
0.5277919999999998
0.5277919999999998
0.5277919999999998
0.5277919999999998
0.5277919999999998
0.5277919999999998
0.5277919999999998
0.5277919999999998
0.5277919999999998
0.5277919999999998
0.5277919999999998
0.5277919999999998
0.5277919999999998
0.5277919999999998
0.5277919999999998
0.5277919999999998
0.5277919999999998
0.5277919999999998
0.5277919999999998
0.5277919999999998
0.5277919999999998
0.5277919999999998
0.5277919999999998
0.5277919999999998
0.5277919999999998
0.5277919999999998
0.5277919999999998
0.5277919999999998
0.5277919999999998
0.5277919999999998
0.5277919999999998
0.5277919999999998
0.5277919999999998
0.5277919999999998
0.5277919999999998
0.5277919999999998
0.5277919999999998
0.5277919999999998
0.5277919999999998
0.5277919999999998
0.5277919999999998
0.5277919999999998
0.5277919999999998
0.5277919999999998
0.5277919999999998
0.5277919999999998
0.5277919999999998
0.5277919999999998
0.5277919999999998
0.5277919999999998
0.5277919999999998
0.5277919999999998
0.5277919999999998
0.5277919999999998
0.5277919999999998
0.5277919999999998
0.5277919999999998
0.5277919999999998
0.5277919999999998
0.5277919999999998
0.5277919999999998
0.5277919999999998
0.5277919999999998
0.5277919999999998
0.5277919999999998
0.5277919999999998
0.5277919999999998
0.5277919999999998
0.5277919999999998
0.5277920000000007
0.5277920000000007
0.5277920000000007
0.5277920000000007
0.5277920000000016
0.5277920000000016
0.5277920000000016
0.5277920000000016
0.5277920000000016
0.5277920000000016
0.5277920000000016
0.5277920000000016
0.5277920000000016
0.5277920000000016
0.5277920000000016
0.5277920000000016
0.5277920000000016
0.5277920000000016
0.5277920000000016
0.5277920000000016
0.5277920000000016
0.5277920000000016
0.5277920000000016
0.5277920000000016
0.5277920000000016
0.5277920000000016
0.5277920000000016
0.5277920000000016
0.5277920000000016
0.5277920000000016
0.5277920000000016
0.5277920000000016
0.5277920000000016
0.5277920000000016
0.5277920000000016
0.5277920000000016
0.5277920000000016
0.5277920000000016
0.5277920000000016
0.5277920000000016
0.5277920000000016
0.5277920000000016
0.5277920000000016
0.5277920000000016
0.5277920000000016
0.5277920000000016
0.5277920000000016
0.5277920000000016
0.5277920000000016
0.5277920000000016
0.5277920000000016
0.5277920000000016
0.5277920000000016
0.5277920000000016
0.5277920000000016
0.5277920000000016
0.5277920000000016
0.5277920000000016
0.5277920000000016
0.5277920000000016
0.5277920000000016
0.5277920000000016
0.5277920000000016
0.5277920000000016
0.5277920000000016
0.5277920000000016
0.5277920000000016
0.5277920000000016
0.5277920000000016
0.5277920000000016
0.5277920000000016
0.5277920000000016
0.5277920000000016
0.5277920000000016
0.5277920000000016
0.5277920000000016
0.5277920000000016
0.5277920000000016
0.5277920000000016
0.5277920000000016
0.5277920000000016
0.5277920000000016
0.5277920000000016
0.5277920000000016
0.5277920000000016
0.5277920000000016
0.5277920000000016
0.5277920000000016
0.5277920000000016
0.5277920000000016
0.5277920000000016
0.5277920000000016
0.5277920000000016
0.5277920000000016
0.5277920000000016
0.5277920000000016
0.5466399999999982
0.5466399999999991
0.5466399999999991
0.5466399999999991
0.54664
0.54664
0.54664
0.54664
0.54664
0.54664
0.54664
0.54664
0.54664
0.54664
0.54664
0.54664
0.54664
0.54664
0.54664
0.54664
0.54664
0.54664
0.54664
0.54664
0.54664
0.54664
0.54664
0.54664
0.54664
0.54664
0.54664
0.54664
0.54664
0.54664
0.54664
0.54664
0.54664
0.54664
0.54664
0.54664
0.54664
0.54664
0.54664
0.54664
0.54664
0.54664
0.54664
0.54664
0.54664
0.54664
0.54664
0.54664
0.54664
0.54664
0.54664
0.54664
0.54664
0.54664
0.54664
0.54664
0.54664
0.54664
0.54664
0.54664
0.54664
0.54664
0.54664
0.54664
0.54664
0.54664
0.54664
0.54664
0.54664
0.54664
0.54664
0.54664
0.54664
0.54664
0.54664
0.54664
0.54664
0.54664
0.54664
0.54664
0.54664
0.54664
0.54664
0.54664
0.54664
0.54664
0.54664
0.54664
0.54664
0.54664
0.54664
0.54664
0.54664
0.54664
0.54664
0.54664
0.54664
0.54664
0.54664
0.54664
0.54664
0.54664
0.54664
0.54664
0.54664
0.54664
0.54664
0.54664
0.5466400000000018
0.5466879999999996
0.5466879999999996
0.5466879999999996
0.5466879999999996
0.5466879999999996
0.5466879999999996
0.5466879999999996
0.5466879999999996
0.5466879999999996
0.5466879999999996
0.5466879999999996
0.5466879999999996
0.5466879999999996
0.5466879999999996
0.5466879999999996
0.5466879999999996
0.5466879999999996
0.5466879999999996
0.5466879999999996
0.5466879999999996
0.5466879999999996
0.5466879999999996
0.5466879999999996
0.5466879999999996
0.5466879999999996
0.5466879999999996
0.5466879999999996
0.5466879999999996
0.5466879999999996
0.5466879999999996
0.5466879999999996
0.5466879999999996
0.5466879999999996
0.5466879999999996
0.5466879999999996
0.5466879999999996
0.5466879999999996
0.5466879999999996
0.5466879999999996
0.5466879999999996
0.5466879999999996
0.5466879999999996
0.5466879999999996
0.5466879999999996
0.5466879999999996
0.5466879999999996
0.5466880000000032
0.5466880000000032
0.5466880000000032
0.5466880000000032
0.5466880000000032
0.5466880000000032
0.5466880000000032
0.5466880000000032
0.5466880000000032
0.5466880000000032
0.5466880000000032
0.5466880000000032
0.5466880000000032
0.5466880000000032
0.5466880000000032
0.5466880000000032
0.5466880000000032
0.5485813330000013
0.5486373330000021
0.556639999999998
0.556639999999998
0.556639999999998
0.556639999999998
0.556639999999998
0.556639999999998
0.556639999999998
0.556639999999998
0.556639999999998
0.556639999999998
0.556639999999998
0.556639999999998
0.556639999999998
0.556639999999998
0.556639999999998
0.556639999999998
0.556639999999998
0.556639999999998
0.556639999999998
0.556639999999998
0.556639999999998
0.5566399999999998
0.5566399999999998
0.5566399999999998
0.5566399999999998
0.5566399999999998
0.5566399999999998
0.5566399999999998
0.5566399999999998
0.5566399999999998
0.5566399999999998
0.5566399999999998
0.5566399999999998
0.5566399999999998
0.5566399999999998
0.5566399999999998
0.5566399999999998
0.5566399999999998
0.5566399999999998
0.5566399999999998
0.5566399999999998
0.5566399999999998
0.5566399999999998
0.5566399999999998
0.5566399999999998
0.5566399999999998
0.5566399999999998
0.5566399999999998
0.5566399999999998
0.5566399999999998
0.5566399999999998
0.5566399999999998
0.5566399999999998
0.5566399999999998
0.5566399999999998
0.5566399999999998
0.5566399999999998
0.5566399999999998
0.5566399999999998
0.5566399999999998
0.5566399999999998
0.5566399999999998
0.5566399999999998
0.5566399999999998
0.5566399999999998
0.5566399999999998
0.5566399999999998
0.5566399999999998
0.5566399999999998
0.5566399999999998
0.5566399999999998
0.5566399999999998
0.5566400000000007
0.5566400000000007
0.5566400000000016
0.5566400000000016
0.5566400000000016
0.5566400000000016
0.5566400000000016
0.5566400000000016
0.5566400000000016
0.5566400000000016
0.5566400000000016
0.5566400000000016
0.5566400000000016
0.5566400000000016
0.5566400000000016
0.5566400000000016
0.5566400000000016
0.5566400000000016
0.5566400000000016
0.5566400000000016
0.5566400000000016
0.5566400000000016
0.5566400000000016
0.5566400000000016
0.5566400000000016
0.5566879999999976
0.5566879999999976
0.5566879999999976
0.5566879999999976
0.5566879999999976
0.5566879999999976
0.5566879999999976
0.5566879999999976
0.5566879999999976
0.5566879999999976
0.5566879999999976
0.5566879999999976
0.5566879999999976
0.5566879999999976
0.5566879999999976
0.5566879999999976
0.5566879999999976
0.5566879999999976
0.5566880000000012
0.5566880000000012
0.5566880000000012
0.5566880000000012
0.5566880000000012
0.5566880000000012
0.5566880000000012
0.5566880000000012
0.5566880000000012
0.5566880000000012
0.5566880000000012
0.5566880000000012
0.5566880000000012
0.5566880000000012
0.5566880000000012
0.5566880000000012
0.5566880000000012
0.5566880000000012
0.5566880000000012
0.5566880000000012
0.5566880000000012
0.5566880000000012
0.5566880000000012
0.5566880000000012
0.5566880000000012
0.5566880000000012
0.5566880000000012
0.5566880000000012
0.5618906639999999
0.5618906640000016
0.561890665
0.5619466650000007
0.5619466650000007
0.5677919999999972
0.5677919999999972
0.5677919999999999
0.5677920000000007
0.5677920000000007
0.5677920000000007
0.5677920000000007
0.5677920000000007
0.5677920000000007
0.5677920000000007
0.5677920000000007
0.5677920000000007
0.5677920000000007
0.5677920000000007
0.5677920000000007
0.5677920000000007
0.5677920000000007
0.5677920000000007
0.5777919999999988
0.5777919999999988
0.5777919999999988
0.5777919999999988
0.5777919999999988
0.5777919999999988
0.5777919999999988
0.5777919999999988
0.5777919999999988
0.5777919999999988
0.5777919999999988
0.5777919999999988
0.5777919999999988
0.5777919999999988
0.5777919999999988
0.5777919999999988
0.5777919999999988
0.5777919999999988
0.5777919999999988
0.5777919999999988
0.5777919999999988
0.5777919999999988
0.5777919999999988
0.5777919999999988
0.5777919999999988
0.5777919999999988
0.5777919999999988
0.5777919999999988
0.5777919999999988
0.5777919999999988
0.5777919999999988
0.5777919999999988
0.5777920000000005
0.5777920000000005
0.5777920000000005
0.5777920000000005
0.5777920000000005
0.5777920000000005
0.5777920000000005
0.5777920000000005
0.5777920000000005
0.5777920000000005
0.5777920000000005
0.5777920000000005
0.5777920000000005
0.5777920000000005
0.5777920000000005
0.5777920000000005
0.5777920000000005
0.5777920000000005
0.5777920000000005
0.5777920000000005
0.5777920000000005
0.5866159999999994
0.5866159999999994
0.5866159999999994
0.5866159999999994
0.5866159999999994
0.5866159999999994
0.5866159999999994
0.5866159999999994
0.5866159999999994
0.5866159999999994
0.5866159999999994
0.5866159999999994
0.5866159999999994
0.5866159999999994
0.5866159999999994
0.5866159999999994
0.5866159999999994
0.5866159999999994
0.5866159999999994
0.5866159999999994
0.5866159999999994
0.5866159999999994
0.5866159999999994
0.5866159999999994
0.5866160000000002
0.5866160000000011
0.5866160000000011
0.5866160000000011
0.5866160000000011
0.5866160000000029
0.5866160000000029
0.5866160000000029
0.5866160000000029
0.5966399999999972
0.596639999999999
0.596639999999999
0.596639999999999
0.596639999999999
0.596639999999999
0.596639999999999
0.596639999999999
0.596639999999999
0.5966399999999998
0.5966400000000007
0.5966400000000007
0.5966400000000007
0.5966400000000007
0.5966400000000007
0.5966400000000007
0.5966400000000007
0.5966400000000007
0.5966400000000007
0.5966400000000007
0.5966879999999968
0.5966879999999968
0.5966879999999968
0.5966879999999968
0.5966879999999968
0.5966879999999968
0.5966880000000003
0.5966880000000003
0.5966880000000003
0.5966880000000003
0.5966880000000003
0.5966880000000003
0.5966880000000003
0.5966880000000003
0.5966880000000003
0.5966880000000003
0.5966880000000003
0.5966880000000003
0.5966880000000003
0.5966880000000003
0.5966880000000003
0.5966880000000003
0.5966880000000003
0.5966880000000003
0.5966880000000003
0.5966880000000003
0.5966880000000003
0.5966880000000003
0.5966880000000003
0.5966880000000003
0.5966880000000003
0.5966880000000003
0.5966880000000003
0.5966880000000003
0.5966880000000003
0.5966880000000003
0.6066399999999987
0.6066400000000005
0.6066400000000005
0.6066400000000005
0.6066879999999983
0.6066880000000019
0.6066880000000019
0.6066880000000019
0.6066880000000019
0.6066880000000019
0.6066880000000019
0.6066880000000019
0.6155520000000001
0.6155520000000001
0.615552000000001
0.6177760000000001
0.6232879959999984
0.6232879959999984
0.6232879960000002
0.6232879960000002
0.6232879960000002
0.6232879960000002
0.6232879960000002
0.6232879960000002
0.6232879960000002
0.623287996000002
0.6233279959999969
0.6233279959999969
0.6233279960000004
0.6233279960000004
0.6233279960000004
0.6233279960000004
0.6233279960000004
0.6233279960000004
0.6233279960000004
0.6233279960000004
0.6233279960000004
0.6233279960000004
0.6233279960000004
0.6233279960000004
0.6233279960000004
0.6233279960000004
0.6233279960000004
0.6233279960000004
0.6466159999999981
0.6466159999999999
0.6466159999999999
0.6466159999999999
0.6466159999999999
0.6466159999999999
0.6466159999999999
0.6466159999999999
0.6466159999999999
0.6466159999999999
0.6466159999999999
0.6466159999999999
0.6466160000000016
0.6466160000000016
0.6466639999999977
0.6466639999999977
0.6466639999999977
0.6466639999999977
0.6466639999999977
0.6466639999999977
0.6466639999999977
0.6466640000000012
0.6466640000000012
0.6466640000000012
0.6466640000000012
0.6466640000000012
0.6466640000000012
0.6466640000000012
0.6466640000000012
0.6466640000000012
0.6466640000000012
0.6466640000000012
0.6466640000000012
0.6552159989999993
0.6866159999999972
0.6866159999999972
0.6866159999999972
0.6866159999999972
0.686615999999999
0.686615999999999
0.686615999999999
0.686615999999999
0.686615999999999
0.6866160000000008
0.6866160000000008
0.6866160000000008
0.6866160000000008
0.6866160000000008
0.6866160000000008
0.6866160000000008
0.6866160000000008
0.6866160000000008
0.6866160000000008
0.6866160000000008
0.6866160000000008
0.6866160000000008
0.6866160000000008
0.6866160000000008
0.6866160000000008
0.6866160000000008
0.6866160000000008
0.6866160000000008
0.6866160000000008
0.6866160000000008
0.6866160000000008
0.7155520000000006
0.7177759999999971
0.7177759999999971
0.7177759999999971
0.7177759999999971
0.7177759999999989
0.7177759999999989
0.7177759999999989
0.7177759999999989
0.7177759999999989
0.7177760000000006
0.7177760000000006
0.7177760000000006
0.7177760000000006
0.7177760000000006
0.7177760000000006
0.7177760000000006
0.7177760000000006
0.7177760000000006
0.7177760000000006
0.7177760000000006
0.7177760000000006
0.7177760000000006
0.7177760000000006
0.7177760000000006
0.7177760000000006
0.7177760000000006
0.7177760000000006
0.7177760000000006
0.7177760000000006
0.7177760000000006
0.7177760000000006
0.7177760000000006
0.7177760000000006
0.7177760000000006
0.7177760000000006
0.7197173329999984
0.7197173329999984
0.7197173329999984
0.7197173329999984
0.7197173329999984
0.7197173329999984
0.7197173329999984
0.7197173329999984
0.7197173329999984
0.7197173329999984
0.7197173329999984
0.7197173329999984
0.7197173329999984
0.7197173330000002
0.7197173330000002
0.7197173330000002
0.7197173330000002
0.7197173330000002
0.7197173330000002
0.7197173330000002
0.7197173330000002
0.7197173330000002
0.7197173330000002
0.7197173330000002
0.7197173330000011
0.719717333000002
0.719717333000002
0.719717333000002
0.719717333000002
0.719717333000002
0.719717333000002
0.719717333000002
0.719717333000002
0.719717333000002
0.7277759999999986
0.7277759999999986
0.7277759999999986
0.7277759999999986
0.7277759999999986
0.7277759999999986
0.7277759999999986
0.7277759999999986
0.7277759999999986
0.7277759999999986
0.7277759999999986
0.7277759999999986
0.7277759999999986
0.7277759999999986
0.7277759999999986
0.7277759999999986
0.7277759999999986
0.7277759999999986
0.7277759999999986
0.7277759999999986
0.7277759999999986
0.7277759999999986
0.7277759999999986
0.7277759999999986
0.7277759999999986
0.7277759999999986
0.7277759999999986
0.7277759999999986
0.7277759999999986
0.7277759999999986
0.7277759999999986
0.7277759999999986
0.7277759999999995
0.7277759999999995
0.7277759999999995
0.7277760000000004
0.7277760000000004
0.7277760000000004
0.7277760000000004
0.7277760000000004
0.7277760000000004
0.7277760000000004
0.7277760000000004
0.7277760000000004
0.7277760000000004
0.7277760000000004
0.7277760000000004
0.7277760000000004
0.7277760000000004
0.7277760000000004
0.7277760000000004
0.7277760000000004
0.7277760000000004
0.7277760000000022
0.7277760000000022
0.7277760000000022
0.7277760000000022
0.7277760000000022
0.7277760000000022
0.7277760000000022
0.7277760000000022
0.7277760000000022
0.7277760000000022
0.7277760000000022
0.7277760000000022
0.7277760000000022
0.7277760000000022
0.7277760000000022
0.7277760000000022
0.7299653329999991
0.7466159999999995
0.7466159999999995
0.7466159999999995
0.7466159999999995
0.7466159999999995
0.7466159999999995
0.7466159999999995
0.7466159999999995
0.7466159999999995
0.7466159999999995
0.7466159999999995
0.7466159999999995
0.7466159999999995
0.7466159999999995
0.7466159999999995
0.7466159999999995
0.7466159999999995
0.7466159999999995
0.7466159999999995
0.7466159999999995
0.7466159999999995
0.7466159999999995
0.7466159999999995
0.7466159999999995
0.7466159999999995
0.7466159999999995
0.7466159999999995
0.7466159999999995
0.7466159999999995
0.7466159999999995
0.7466159999999995
0.7466159999999995
0.7466159999999995
0.7466159999999995
0.7466159999999995
0.7466159999999995
0.7466159999999995
0.7466159999999995
0.7466159999999995
0.7466159999999995
0.7466159999999995
0.7466159999999995
0.7466159999999995
0.7466159999999995
0.7466159999999995
0.7466159999999995
0.7466160000000004
0.7466160000000004
0.7466160000000004
0.7466160000000004
0.7466160000000013
0.7466160000000013
0.7466160000000013
0.7466160000000013
0.7466160000000013
0.746616000000003
0.746616000000003
0.746616000000003
0.746616000000003
0.746616000000003
0.746616000000003
0.746616000000003
0.746616000000003
0.7485493329999997
0.7485493329999997
0.7485493329999997
0.7485493329999997
0.7485493329999997
0.7485493329999997
0.7485493329999997
0.7485493329999997
0.7485493330000015
0.7485493330000015
0.7486053329999969
0.7486053329999969
0.7486053330000004
0.7486053330000004
0.7486053330000004
0.7486053330000004
0.7486053330000004
0.7486053330000004
0.7486053330000004
0.7486053330000004
0.7486053330000004
0.7486053330000004
0.7486053330000004
0.7486053330000004
0.7486053330000004
0.7486053330000004
0.7486053330000004
0.7486053330000004
0.7486053330000004
0.7566159999999975
0.7566159999999993
0.7566159999999993
0.7566159999999993
0.7566159999999993
0.7566159999999993
0.7566160000000002
0.7566160000000011
0.7566160000000011
0.7566160000000011
0.7566160000000011
0.7566639999999971
0.7566639999999971
0.7566639999999971
0.7566640000000007
0.7566640000000007
0.7566640000000007
0.7566640000000007
0.7566640000000007
0.7566640000000007
0.7566640000000007
0.7566640000000007
0.7566640000000007
0.7566640000000007
0.7566640000000007
0.7566640000000007
0.7566640000000007
0.7566640000000007
0.7566640000000007
0.7566640000000007
0.7677759999999978
0.7677759999999978
0.7677759999999978
0.7677759999999978
0.7677759999999978
0.7677759999999978
0.7677759999999978
0.7677759999999978
0.7677759999999996
0.7677759999999996
0.7677759999999996
0.7677759999999996
0.7677759999999996
0.7677759999999996
0.7677759999999996
0.7677759999999996
0.7677759999999996
0.7677759999999996
0.7677759999999996
0.7677759999999996
0.7677759999999996
0.7677760000000005
0.7677760000000013
0.7677760000000013
0.7677760000000013
0.7677760000000013
0.7677760000000013
0.7677760000000013
0.7677760000000013
0.7677760000000013
0.7677760000000013
0.7677760000000013
0.7677760000000013
0.7677760000000013
0.7677760000000013
0.7677760000000013
0.7677760000000013
0.7677760000000013
0.7677760000000013
0.7697173329999991
0.769717333
0.769717333
0.7777759999999994
0.7777759999999994
0.7777759999999994
0.7777759999999994
0.7777759999999994
0.7777759999999994
0.7777759999999994
0.7777759999999994
0.7777759999999994
0.7777759999999994
0.7777759999999994
0.7777759999999994
0.7777759999999994
0.7777759999999994
0.7777759999999994
0.7777759999999994
0.7777759999999994
0.7777759999999994
0.7777759999999994
0.7777759999999994
0.7777759999999994
0.7777759999999994
0.7777759999999994
0.7777759999999994
0.7777759999999994
0.7777759999999994
0.7777759999999994
0.7777759999999994
0.7777759999999994
0.7777759999999994
0.7777759999999994
0.7777759999999994
0.7777759999999994
0.7777759999999994
0.7777759999999994
0.7777759999999994
0.7777759999999994
0.7777759999999994
0.7777759999999994
0.7777759999999994
0.7777759999999994
0.7777759999999994
0.7777759999999994
0.7777759999999994
0.7777759999999994
0.7777759999999994
0.7777759999999994
0.7777759999999994
0.7777759999999994
0.7777759999999994
0.7777759999999994
0.7777759999999994
0.7777759999999994
0.7777759999999994
0.7777759999999994
0.7777759999999994
0.7777759999999994
0.7777759999999994
0.7777759999999994
0.7777759999999994
0.7777759999999994
0.7777759999999994
0.7777759999999994
0.7777759999999994
0.7777759999999994
0.7777759999999994
0.7777759999999994
0.7777759999999994
0.7777759999999994
0.7777759999999994
0.7777759999999994
0.7777759999999994
0.7777759999999994
0.7777759999999994
0.7777759999999994
0.7777759999999994
0.7777759999999994
0.7777759999999994
0.7777759999999994
0.7777759999999994
0.7777759999999994
0.7777759999999994
0.7777759999999994
0.7777759999999994
0.7777759999999994
0.7777759999999994
0.7777759999999994
0.7777759999999994
0.7777759999999994
0.7777759999999994
0.7777759999999994
0.7777759999999994
0.7777759999999994
0.7777759999999994
0.7777759999999994
0.7777759999999994
0.7777759999999994
0.7777759999999994
0.7777759999999994
0.7777759999999994
0.7777759999999994
0.7777759999999994
0.7777759999999994
0.7777759999999994
0.7777759999999994
0.7777759999999994
0.7777759999999994
0.7777759999999994
0.7777759999999994
0.7777759999999994
0.7777759999999994
0.7777759999999994
0.7777759999999994
0.7777759999999994
0.7777759999999994
0.7777760000000002
0.7777760000000002
0.7777760000000002
0.7777760000000002
0.7777760000000002
0.7777760000000002
0.7777760000000002
0.7777760000000002
0.7777760000000002
0.7777760000000011
0.7777760000000011
0.7777760000000011
0.7777760000000011
0.7777760000000011
0.7777760000000011
0.7777760000000011
0.7777760000000011
0.7777760000000011
0.7777760000000011
0.7777760000000011
0.7777760000000011
0.7777760000000011
0.7777760000000011
0.7777760000000011
0.7777760000000011
0.7777760000000011
0.7777760000000011
0.7777760000000011
0.7777760000000029
0.7777760000000029
0.7777760000000029
0.7777760000000029
0.7777760000000029
0.7777760000000029
0.7777760000000029
0.7777760000000029
0.7777760000000029
0.7777760000000029
0.7777760000000029
0.7777760000000029
0.7777760000000029
0.7777760000000029
0.7777760000000029
0.7777760000000029
0.7777760000000029
0.7777760000000029
0.7777760000000029
0.7777760000000029
0.7777760000000029
0.7866159999999986
0.7966159999999984
0.7966159999999984
0.7966159999999984
0.7966159999999993
0.7966159999999993
0.7966160000000002
0.7966160000000002
0.7966160000000002
0.7966160000000002
0.7966160000000002
0.7966160000000002
0.7966160000000002
0.7966160000000002
0.7966160000000002
0.7966160000000002
0.7966160000000002
0.7966160000000002
0.7966160000000002
0.7966160000000002
0.7966160000000002
0.7966160000000002
0.7966160000000002
0.7966160000000002
0.7966160000000002
0.7966160000000002
0.7966160000000002
0.7966160000000002
0.7966160000000002
0.7966160000000002
0.7966160000000002
0.7966160000000002
0.7966160000000002
0.7966160000000002
0.7966160000000002
0.7966160000000002
0.7966160000000002
0.7966160000000002
0.7966160000000002
0.7966160000000002
0.7966160000000002
0.7966160000000002
0.7966160000000002
0.7966160000000002
0.796616000000002
0.796616000000002
0.7966639999999998
0.7966639999999998
0.7966639999999998
0.7966639999999998
0.7966639999999998
0.7966639999999998
0.7966639999999998
0.7966639999999998
0.7966639999999998
0.7966639999999998
0.7966639999999998
0.7966639999999998
0.7966639999999998
0.7966639999999998
0.7966639999999998
0.7966639999999998
0.7966639999999998
0.7966639999999998
0.7966639999999998
0.7966639999999998
0.7966639999999998
0.7966639999999998
0.7966639999999998
0.7966639999999998
0.7966639999999998
0.7966639999999998
0.7966639999999998
0.7966639999999998
0.7966639999999998
0.7966639999999998
0.7966639999999998
0.7966639999999998
0.7966639999999998
0.7966639999999998
0.7966639999999998
0.7966639999999998
0.7966639999999998
0.7966639999999998
0.7966639999999998
0.7966639999999998
0.7966639999999998
0.7966639999999998
0.7966639999999998
0.7966639999999998
0.7966639999999998
0.7966639999999998
0.7966639999999998
0.7966639999999998
0.7966639999999998
0.7966639999999998
0.7966639999999998
0.7966639999999998
0.7966639999999998
0.7966639999999998
0.7966639999999998
0.7966640000000034
0.7966640000000034
0.7985493329999986
0.7985493329999986
0.7985493329999986
0.7985493330000004
0.7985493330000004
0.7985493330000004
0.7985493330000004
0.7985493330000004
0.7985493330000004
0.7985493330000004
0.7985493330000004
0.7985493330000004
0.7985493330000004
0.7985493330000004
0.7986053329999976
0.7986053329999976
0.7986053329999976
0.7986053329999976
0.7986053329999976
0.7986053329999976
0.7986053330000011
0.7986053330000011
0.7986053330000011
0.7986053330000011
0.7986053330000011
0.7986053330000011
0.7986053330000011
0.7986053330000011
0.7986053330000011
0.7986053330000011
0.7986053330000011
0.7986053330000011
0.7986053330000011
0.8066159999999982
0.8066159999999982
0.8066159999999991
0.806616
0.806616
0.806616
0.806616
0.806616
0.806616
0.806616
0.806616
0.806616
0.806616
0.806616
0.806616
0.806616
0.806616
0.806616
0.806616
0.806616
0.806616
0.806616
0.806616
0.806616
0.806616
0.806616
0.806616
0.806616
0.8066639999999978
0.8066639999999978
0.8066639999999978
0.8066639999999978
0.8066639999999978
0.8066639999999978
0.8066640000000014
0.8066640000000014
0.8066640000000014
0.8066640000000014
0.8066640000000014
0.8066640000000014
0.8066640000000014
0.8066640000000014
0.8066640000000014
0.8066640000000014
0.8066640000000014
0.8066640000000014
0.8066640000000014
0.8177759999999985
0.8177759999999985
0.8177759999999985
0.8177759999999994
0.8177759999999994
0.8177759999999994
0.8177759999999994
0.8177759999999994
0.8177759999999994
0.8177760000000003
0.8177760000000003
0.8177760000000003
0.8177760000000003
0.8177760000000003
0.8177760000000003
0.8177760000000003
0.8177760000000003
0.8177760000000003
0.8177760000000003
0.8177760000000003
0.8177760000000003
0.8177760000000003
0.8177760000000003
0.8177760000000003
0.8177760000000003
0.8177760000000003
0.8177760000000003
0.8177760000000003
0.8177760000000021
0.8177760000000021
0.8177760000000021
0.8177760000000021
0.8177760000000021
0.8177760000000021
0.8177760000000021
0.8177760000000021
0.8177760000000021
0.8177760000000021
0.8177760000000021
0.8177760000000021
0.82416
0.82416
0.826384
0.8277760000000001
0.8277760000000001
0.8277760000000001
0.8277760000000001
0.8277760000000001
0.8277760000000001
0.8277760000000001
0.8277760000000001
0.8277760000000001
0.8277760000000001
0.8327679999999997
0.8349919999999997
0.8466159999999974
0.8466159999999974
0.8466159999999974
0.8466159999999974
0.8466159999999974
0.8466159999999974
0.8466159999999974
0.8466159999999991
0.8466159999999991
0.8466159999999991
0.8466159999999991
0.8466159999999991
0.8466159999999991
0.8466159999999991
0.8466159999999991
0.8466159999999991
0.8466159999999991
0.8466159999999991
0.8466159999999991
0.8466159999999991
0.8466159999999991
0.8466159999999991
0.8466159999999991
0.8466159999999991
0.8466159999999991
0.8466159999999991
0.8466159999999991
0.8466159999999991
0.8466159999999991
0.8466159999999991
0.8466159999999991
0.8466159999999991
0.8466159999999991
0.8466159999999991
0.8466159999999991
0.8466159999999991
0.846616
0.846616
0.846616
0.846616
0.846616
0.846616
0.846616
0.846616
0.846616
0.846616
0.846616
0.846616
0.8466160000000009
0.8466160000000009
0.8466160000000009
0.8466160000000009
0.8466160000000009
0.8466160000000009
0.8466160000000009
0.8466160000000009
0.8466160000000009
0.8466160000000009
0.8466160000000009
0.8466160000000009
0.8466160000000009
0.8466160000000009
0.8466160000000009
0.8466160000000009
0.8466160000000009
0.8466160000000009
0.8466160000000009
0.8466160000000009
0.8466160000000009
0.8466160000000009
0.8466160000000009
0.8466160000000009
0.8466160000000009
0.8466160000000009
0.8466160000000009
0.8466160000000009
0.8466160000000009
0.8466160000000009
0.8466160000000009
0.8466160000000009
0.8466160000000009
0.8466160000000009
0.8466160000000009
0.8466160000000009
0.8466160000000009
0.8466160000000009
0.8466160000000009
0.8466160000000009
0.8466160000000009
0.846663999999997
0.846663999999997
0.846663999999997
0.846663999999997
0.846663999999997
0.846663999999997
0.846663999999997
0.846663999999997
0.846663999999997
0.846663999999997
0.8466640000000005
0.8466640000000005
0.8466640000000005
0.8466640000000005
0.8466640000000005
0.8466640000000005
0.8466640000000005
0.8466640000000005
0.8466640000000005
0.8466640000000005
0.8466640000000005
0.8466640000000005
0.8466640000000005
0.8466640000000005
0.8466640000000005
0.8466640000000005
0.8466640000000005
0.8466640000000005
0.8466640000000005
0.8466640000000005
0.8466640000000005
0.8466640000000005
0.8466640000000005
0.8466640000000005
0.8466640000000005
0.8466640000000005
0.8466640000000005
0.8466640000000005
0.8466640000000005
0.8466640000000005
0.8466640000000005
0.8466640000000005
0.8466640000000005
0.8466640000000005
0.8466640000000005
0.8466640000000005
0.8466640000000005
0.8466640000000005
0.8466640000000005
0.8466640000000005
0.8466640000000005
0.8466640000000005
0.8552160000000004
0.8552160000000004
0.8566159999999989
0.8566159999999989
0.8566159999999989
0.8566159999999989
0.8566159999999989
0.8566159999999989
0.8566159999999989
0.8566159999999989
0.8566159999999989
0.8566159999999989
0.8566159999999998
0.8566159999999998
0.8566159999999998
0.8566159999999998
0.8566159999999998
0.8566159999999998
0.8566159999999998
0.8566159999999998
0.8566159999999998
0.8566159999999998
0.8566159999999998
0.8566159999999998
0.8566159999999998
0.8566159999999998
0.8566160000000007
0.8566160000000007
0.8566160000000007
0.8566160000000007
0.8566160000000007
0.8566160000000007
0.8566160000000007
0.8566160000000007
0.8566160000000007
0.8566160000000007
0.8566160000000007
0.8566160000000007
0.8566160000000007
0.8566160000000007
0.8566639999999985
0.8566639999999985
0.8566639999999985
0.8566639999999985
0.8566639999999985
0.8566639999999985
0.8566639999999985
0.8566639999999985
0.8566639999999985
0.8566639999999985
0.8566639999999985
0.8566640000000021
0.8566640000000021
0.8566640000000021
0.8566640000000021
0.8566640000000021
0.8566640000000021
0.8566640000000021
0.8566640000000021
0.8677759999999992
0.8677759999999992
0.8677759999999992
0.8677759999999992
0.8677759999999992
0.8677759999999992
0.8677759999999992
0.8677759999999992
0.8677759999999992
0.8677759999999992
0.8677759999999992
0.8677759999999992
0.8677759999999992
0.8677759999999992
0.8677759999999992
0.8677759999999992
0.8677759999999992
0.8677760000000001
0.867776000000001
0.867776000000001
0.867776000000001
0.867776000000001
0.867776000000001
0.8741599999999998
0.8741599999999998
0.8741599999999998
0.8741599999999998
0.8763839999999998
0.8763839999999998
0.8763839999999998
0.8763839999999998
0.8763839999999998
0.8763839999999998
0.8763840000000007
0.877775999999999
0.877775999999999
0.877775999999999
0.877775999999999
0.877775999999999
0.877775999999999
0.8777760000000008
0.8777760000000008
0.8777760000000008
0.8777760000000008
0.8777760000000008
0.8777760000000008
0.8777760000000008
0.8777760000000008
0.8777760000000008
0.8777760000000008
0.8827680000000004
0.8827680000000004
0.8849919999999987
0.8866159999999992
0.8866160000000001
0.8866160000000001
0.8866160000000001
0.8866160000000001
0.8866160000000001
0.8866160000000001
0.8866160000000001
0.8866160000000001
0.8866160000000001
0.8866160000000001
0.8866160000000001
0.8866160000000001
0.8866160000000001
0.8866160000000001
0.8866160000000001
0.8866160000000001
0.8866160000000001
0.8866160000000001
0.8866160000000001
0.8866160000000001
0.8866160000000001
0.8866160000000001
0.8866160000000001
0.8866160000000001
0.8866160000000001
0.8866160000000001
0.8866160000000001
0.8866160000000001
0.8866160000000001
0.8866160000000001
0.8866160000000001
0.8866160000000001
0.8866160000000001
0.8866160000000001
0.8866160000000001
0.8866160000000001
0.8866160000000001
0.8866160000000001
0.8866160000000001
0.8866160000000001
0.8866160000000001
0.8866160000000001
0.8866160000000001
0.8866160000000001
0.8866160000000001
0.8866160000000001
0.8866160000000001
0.8866160000000001
0.8866160000000001
0.8866160000000001
0.8866160000000001
0.8866160000000001
0.8866160000000001
0.8866160000000001
0.8866160000000001
0.8866160000000001
0.8866160000000001
0.8866160000000001
0.886616000000001
0.886616000000001
0.8866639999999979
0.8866639999999997
0.8866639999999997
0.8866639999999997
0.8866639999999997
0.8866639999999997
0.8866639999999997
0.8866639999999997
0.8866639999999997
0.8866639999999997
0.8866639999999997
0.8866639999999997
0.8866639999999997
0.8866639999999997
0.8866639999999997
0.8866639999999997
0.8866639999999997
0.8866639999999997
0.8866639999999997
0.8866639999999997
0.8866639999999997
0.8866639999999997
0.8866639999999997
0.8866639999999997
0.8866639999999997
0.8866639999999997
0.8866639999999997
0.8866639999999997
0.8866639999999997
0.8866639999999997
0.8866639999999997
0.8866639999999997
0.8866639999999997
0.8866639999999997
0.8866639999999997
0.8866639999999997
0.8866639999999997
0.8866639999999997
0.8866640000000015
0.8866640000000015
0.8866640000000032
0.8866640000000032
0.8885733349999994
0.8885733350000002
0.8885733350000002
0.8886293349999974
0.888629335000001
0.888629335000001
0.888629335000001
0.8966159999999999
0.8966159999999999
0.8966159999999999
0.8966159999999999
0.8966159999999999
0.8966159999999999
0.8966159999999999
0.8966640000000012
0.9052720000000001
0.9066159999999996
0.9066159999999996
0.9066159999999996
0.9066159999999996
0.9066159999999996
0.9066159999999996
0.9066159999999996
0.9066159999999996
0.9066159999999996
0.9066159999999996
0.9066159999999996
0.9066159999999996
0.9066159999999996
0.9066159999999996
0.9066159999999996
0.9066159999999996
0.9066159999999996
0.9066159999999996
0.9066159999999996
0.9066159999999996
0.9066159999999996
0.9066159999999996
0.9066159999999996
0.9066159999999996
0.9066160000000005
0.9066160000000014
0.9066160000000014
0.9066160000000014
0.9066160000000014
0.9066160000000014
0.9066160000000014
0.906664000000001
0.906664000000001
0.9155519999999981
0.9155519999999981
0.9155519999999981
0.9155519999999999
0.9155519999999999
0.9155519999999999
0.9155519999999999
0.9155519999999999
0.9155519999999999
0.9155519999999999
0.9155520000000017
0.9177759999999999
0.9177759999999999
0.9177759999999999
0.9177759999999999
0.9177759999999999
0.9177759999999999
0.9177759999999999
0.9177759999999999
0.9177759999999999
0.9177759999999999
0.9177759999999999
0.9177759999999999
0.9177759999999999
0.9177759999999999
0.9177759999999999
0.9177759999999999
0.9177759999999999
0.9177759999999999
0.9177759999999999
0.9177759999999999
0.9177759999999999
0.9177759999999999
0.9177759999999999
0.9177759999999999
0.9177759999999999
0.9177759999999999
0.9177759999999999
0.9177759999999999
0.9177759999999999
0.9177759999999999
0.9177759999999999
0.9177759999999999
0.9177759999999999
0.9177759999999999
0.9177759999999999
0.9177759999999999
0.9177759999999999
0.9177759999999999
0.9177759999999999
0.9177759999999999
0.9177759999999999
0.9177759999999999
0.9177759999999999
0.9177759999999999
0.9177759999999999
0.9177759999999999
0.9177759999999999
0.9177759999999999
0.9177759999999999
0.9177759999999999
0.9177759999999999
0.9177759999999999
0.9177759999999999
0.9177759999999999
0.9177759999999999
0.9177759999999999
0.9177759999999999
0.9177759999999999
0.9177759999999999
0.9177759999999999
0.9177759999999999
0.9177759999999999
0.9177759999999999
0.9177759999999999
0.9177759999999999
0.9177759999999999
0.9177759999999999
0.9177759999999999
0.9177759999999999
0.9177759999999999
0.9177759999999999
0.9177759999999999
0.9177759999999999
0.9177759999999999
0.9177759999999999
0.9177759999999999
0.9177759999999999
0.9177759999999999
0.9177759999999999
0.9177759999999999
0.9177759999999999
0.9177759999999999
0.9177759999999999
0.9177759999999999
0.9177760000000008
0.9177760000000017
0.9232879999999994
0.9232879999999994
0.9232879999999994
0.9232879999999994
0.9232880000000012
0.923288000000003
0.9233279999999979
0.9233280000000015
0.9241599999999988
0.9241599999999988
0.9241600000000005
0.9241600000000005
0.9241600000000005
0.9263839999999988
0.9263839999999988
0.9263839999999988
0.9263839999999988
0.9263839999999988
0.9263839999999988
0.9263839999999988
0.9263839999999988
0.9263840000000005
0.9263840000000005
0.9263840000000005
0.9263840000000005
0.9263840000000005
0.9263840000000005
0.9263840000000023
0.9263840000000023
0.9263840000000023
0.9277759999999979
0.9277759999999979
0.9277759999999979
0.9277759999999979
0.9277759999999979
0.9277759999999979
0.9277759999999979
0.9277759999999979
0.9277759999999979
0.9277759999999979
0.9277759999999979
0.9277759999999979
0.9277759999999979
0.9277759999999979
0.9277759999999979
0.9277759999999997
0.9277759999999997
0.9277759999999997
0.9277759999999997
0.9277759999999997
0.9277759999999997
0.9277759999999997
0.9277759999999997
0.9277760000000015
0.9277760000000015
0.9277760000000015
0.9277760000000015
0.9277760000000015
0.9277760000000015
0.9277760000000015
0.9277760000000015
0.9277760000000015
0.9277760000000015
0.9277760000000015
0.9277760000000015
0.9277760000000015
0.9277760000000015
0.9277760000000015
0.9277760000000015
0.9277760000000015
0.9277760000000015
0.9277760000000015
0.9277760000000015
0.9277760000000015
0.9277760000000015
0.9277760000000015
0.9277760000000015
0.9277760000000015
0.9277760000000015
0.9277760000000015
0.9277760000000015
0.9327679999999994
0.9327680000000012
0.9466159999999988
0.9466159999999988
0.9466159999999988
0.9466159999999988
0.9466159999999997
0.9466159999999997
0.9466160000000006
0.9466160000000006
0.9466160000000006
0.9466160000000006
0.9466160000000006
0.9466160000000006
0.9466639999999984
0.9466639999999984
0.9466639999999984
0.9466639999999984
0.9466639999999984
0.9466639999999984
0.9466640000000002
0.9466640000000002
0.9466640000000002
0.9466640000000002
0.9466640000000002
0.9466640000000002
0.9466640000000002
0.9466640000000002
0.9466640000000002
0.946664000000002
0.946664000000002
0.946664000000002
0.946664000000002
0.9552160000000001
0.9552720000000008
0.9552720000000008
0.9566159999999986
0.9566159999999986
0.9566159999999986
0.9566159999999986
0.9566160000000004
0.9566160000000004
0.9566160000000004
0.9566160000000004
0.9566160000000004
0.9566160000000004
0.9566639999999982
0.9566639999999982
0.956664
0.956664
0.956664
0.956664
0.956664
0.956664
0.956664
0.956664
0.956664
0.956664
0.956664
0.956664
0.956664
0.956664
0.956664
0.956664
0.956664
0.956664
0.956664
0.956664
0.956664
0.956664
0.956664
0.956664
0.956664
0.956664
0.956664
0.956664
0.956664
0.956664
0.956664
0.956664
0.956664
0.956664
0.956664
0.956664
0.956664
0.956664
0.956664
0.956664
0.956664
0.956664
0.956664
0.956664
0.956664
0.956664
0.956664
0.956664
0.956664
0.956664
0.9566640000000017
0.9677759999999971
0.9677759999999971
0.9677759999999971
0.9677759999999971
0.9677759999999971
0.9677759999999971
0.9677759999999971
0.9677759999999971
0.9677759999999971
0.9677759999999971
0.9677759999999971
0.9677759999999971
0.9677759999999971
0.9677759999999971
0.9677759999999971
0.9677759999999971
0.9677759999999971
0.9677759999999971
0.9677759999999971
0.9677759999999971
0.9677759999999971
0.9677759999999971
0.9677759999999971
0.9677759999999971
0.9677759999999971
0.9677759999999971
0.9677759999999971
0.9677759999999971
0.9677759999999971
0.9677759999999971
0.9677759999999971
0.9677759999999971
0.9677759999999971
0.9677759999999971
0.9677759999999971
0.9677759999999971
0.9677759999999971
0.9677759999999971
0.9677759999999971
0.9677759999999989
0.9677759999999989
0.9677759999999989
0.9677759999999989
0.9677759999999989
0.9677759999999989
0.9677759999999989
0.9677759999999989
0.9677759999999989
0.9677759999999989
0.9677759999999989
0.9677759999999989
0.9677759999999989
0.9677759999999989
0.9677759999999989
0.9677759999999989
0.9677759999999989
0.9677759999999989
0.9677759999999989
0.9677759999999989
0.9677759999999989
0.9677759999999989
0.9677759999999989
0.9677759999999989
0.9677759999999989
0.9677759999999989
0.9677759999999989
0.9677759999999997
0.9677759999999997
0.9677759999999997
0.9677759999999997
0.9677759999999997
0.9677759999999997
0.9677759999999997
0.9677759999999997
0.9677759999999997
0.9677759999999997
0.9677760000000006
0.9677760000000006
0.9677760000000006
0.9677760000000006
0.9677760000000006
0.9677760000000006
0.9677760000000006
0.9677760000000006
0.9677760000000006
0.9677760000000006
0.9677760000000006
0.9677760000000006
0.9677760000000006
0.9677760000000006
0.9677760000000006
0.9677760000000006
0.9677760000000006
0.9677760000000006
0.9677760000000006
0.9677760000000006
0.9677760000000006
0.9677760000000006
0.9677760000000006
0.9677760000000006
0.9677760000000006
0.9677760000000006
0.9677760000000006
0.9677760000000006
0.9677760000000006
0.9677760000000006
0.9677760000000006
0.9677760000000006
0.9677760000000006
0.9677760000000006
0.9677760000000006
0.9677760000000006
0.9677760000000006
0.9677760000000006
0.9677760000000006
0.9677760000000006
0.9677760000000006
0.9677760000000006
0.9677760000000006
0.9677760000000006
0.9677760000000006
0.9677760000000006
0.9677760000000006
0.9677760000000006
0.9677760000000006
0.9677760000000006
0.9677760000000006
0.9677760000000006
0.9677760000000006
0.9677760000000006
0.9677760000000006
0.9677760000000006
0.9677760000000006
0.9677760000000006
0.9677760000000006
0.9677760000000006
0.9677760000000006
0.9677760000000006
0.9677760000000006
0.9677760000000006
0.9677760000000006
0.9677760000000006
0.9677760000000006
0.9677760000000006
0.9677760000000006
0.9677760000000006
0.9677760000000006
0.9677760000000006
0.9677760000000006
0.9677760000000006
0.9677760000000006
0.9677760000000006
0.9677760000000006
0.9677760000000006
0.9677760000000006
0.9677760000000006
0.9677760000000006
0.9677760000000006
0.9677760000000006
0.9677760000000006
0.9677760000000006
0.9677760000000006
0.9677760000000006
0.9677760000000006
0.9677760000000006
0.9677760000000006
0.9677760000000006
0.9677760000000006
0.9677760000000006
0.9677760000000006
0.9677760000000006
0.9677760000000006
0.9677760000000006
0.9677760000000006
0.9677760000000006
0.9677760000000006
0.9677760000000006
0.9677760000000006
0.9677760000000006
0.9677760000000006
0.9677760000000006
0.9677760000000006
0.9677760000000006
0.9677760000000006
0.9677760000000006
0.9677760000000006
0.9677760000000006
0.9677760000000006
0.9677760000000006
0.9677760000000006
0.9677760000000006
0.9677760000000006
0.9677760000000006
0.9677760000000006
0.9677760000000006
0.9677760000000006
0.9677760000000006
0.9677760000000006
0.9677760000000006
0.9677760000000006
0.9677760000000006
0.9677760000000006
0.9677760000000006
0.9677760000000006
0.9677760000000006
0.9677760000000006
0.9677760000000006
0.9677760000000006
0.9677760000000006
0.9677760000000006
0.9677760000000006
0.9677760000000006
0.9677760000000006
0.9677760000000006
0.9677760000000006
0.9677760000000006
0.9677760000000006
0.9677760000000006
0.9677760000000006
0.9677760000000006
0.9677760000000006
0.9677760000000006
0.9677760000000006
0.9677760000000006
0.9677760000000006
0.9677760000000006
0.9677760000000006
0.9677760000000006
0.9677760000000006
0.9677760000000006
0.9677760000000006
0.9677760000000006
0.9677760000000006
0.9677760000000006
0.9677760000000006
0.9677760000000006
0.9677760000000006
0.9677760000000006
0.9677760000000006
0.9677760000000006
0.9677760000000006
0.9677760000000006
0.9677760000000006
0.9677760000000006
0.9677760000000006
0.9677760000000006
0.9677760000000006
0.9677760000000006
0.9677760000000006
0.9677760000000006
0.9677760000000006
0.9677760000000006
0.9677760000000006
0.9677760000000006
0.9677760000000006
0.9677760000000006
0.9741599999999977
0.9741599999999977
0.9741599999999977
0.9741599999999977
0.9741599999999977
0.9741599999999977
0.9741599999999977
0.9741599999999995
0.9741599999999995
0.9741599999999995
0.9741600000000004
0.9741600000000012
0.9741600000000012
0.9741600000000012
0.9741600000000012
0.9741600000000012
0.9741600000000012
0.9741600000000012
0.9763839999999995
0.9763839999999995
0.9763839999999995
0.9763839999999995
0.9763839999999995
0.9763839999999995
0.9763839999999995
0.9763839999999995
0.9763839999999995
0.9763839999999995
0.9763839999999995
0.9763839999999995
0.9763839999999995
0.9763839999999995
0.9763839999999995
0.9763839999999995
0.9763839999999995
0.9763839999999995
0.9763839999999995
0.9763839999999995
0.9763839999999995
0.9763839999999995
0.9763839999999995
0.9763839999999995
0.9763839999999995
0.9763839999999995
0.9763839999999995
0.9763839999999995
0.9763839999999995
0.9763839999999995
0.9763839999999995
0.9763839999999995
0.9763839999999995
0.9763839999999995
0.9763839999999995
0.9763840000000013
0.9763840000000013
0.976384000000003
0.976384000000003
0.976384000000003
0.976384000000003
0.9777759999999986
0.9777759999999986
0.9777759999999986
0.9777759999999986
0.9777759999999986
0.9777759999999986
0.9777759999999986
0.9777759999999986
0.9777759999999986
0.9777759999999986
0.9777759999999986
0.9777759999999986
0.9777759999999986
0.9777759999999986
0.9777759999999986
0.9777759999999986
0.9777759999999986
0.9777759999999986
0.9777759999999986
0.9777759999999986
0.9777759999999986
0.9777759999999986
0.9777759999999986
0.9777759999999986
0.9777759999999986
0.9777759999999986
0.9777759999999986
0.9777759999999986
0.9777759999999986
0.9777759999999986
0.9777759999999986
0.9777759999999986
0.9777759999999986
0.9777759999999986
0.9777759999999986
0.9777759999999986
0.9777759999999986
0.9777759999999986
0.9777759999999986
0.9777759999999986
0.9777759999999986
0.9777759999999986
0.9777759999999986
0.9777759999999986
0.9777759999999986
0.9777759999999986
0.9777759999999986
0.9777759999999986
0.9777759999999986
0.9777759999999986
0.9777759999999986
0.9777759999999986
0.9777759999999986
0.9777759999999986
0.9777759999999986
0.9777759999999986
0.9777759999999986
0.9777759999999986
0.9777759999999986
0.9777759999999995
0.9777759999999995
0.9777759999999995
0.9777759999999995
0.9777760000000004
0.9777760000000004
0.9777760000000004
0.9777760000000004
0.9777760000000004
0.9777760000000004
0.9777760000000004
0.9777760000000004
0.9777760000000004
0.9777760000000004
0.9777760000000004
0.9777760000000004
0.9777760000000004
0.9777760000000004
0.9777760000000004
0.9777760000000004
0.9777760000000004
0.9777760000000004
0.9777760000000004
0.9777760000000004
0.9777760000000004
0.9777760000000004
0.9777760000000004
0.9777760000000004
0.9777760000000004
0.9777760000000004
0.9777760000000004
0.9777760000000022
0.9777760000000022
0.9777760000000022
0.9777760000000022
0.9777760000000022
0.9777760000000022
0.9777760000000022
0.9777760000000022
0.9777760000000022
0.9777760000000022
0.9777760000000022
0.9777760000000022
0.9777760000000022
0.9777760000000022
0.9777760000000022
0.9777760000000022
0.9777760000000022
0.9777760000000022
0.9777760000000022
0.9777760000000022
0.9777760000000022
0.9777760000000022
0.9777760000000022
0.9777760000000022
0.9777760000000022
0.9777760000000022
0.9777760000000022
0.9777760000000022
0.9777760000000022
0.9777760000000022
0.9777760000000022
0.9777760000000022
0.9777760000000022
0.9777760000000022
0.9777760000000022
0.9777760000000022
0.9777760000000022
0.9777760000000022
0.9777760000000022
0.9777760000000022
0.9777760000000022
0.9777760000000022
0.9777760000000022
0.9777760000000022
0.9777760000000022
0.9777760000000022
0.9777760000000022
0.981936000000001
0.9866159999999979
0.9866159999999979
0.9866159999999979
0.9866159999999997
0.9866159999999997
0.9866159999999997
0.9866159999999997
0.9866159999999997
0.9866159999999997
0.9866159999999997
0.9866159999999997
0.9866159999999997
0.9866159999999997
0.9866159999999997
0.9866159999999997
0.9866159999999997
0.9866159999999997
0.9866159999999997
0.9866159999999997
0.9866159999999997
0.9866159999999997
0.9866159999999997
0.9866159999999997
0.9866159999999997
0.9866159999999997
0.9866159999999997
0.9866159999999997
0.9866159999999997
0.9866159999999997
0.9866160000000006
0.9866160000000006
0.9866160000000006
0.9866160000000006
0.9866160000000006
0.9866160000000006
0.9866160000000015
0.9866160000000015
0.9866160000000015
0.9866160000000015
0.9866160000000015
0.9866160000000015
0.9866160000000015
0.9866160000000015
0.9866160000000015
0.9866160000000015
0.9866160000000015
0.9866160000000015
0.9866160000000015
0.9866160000000015
0.9866160000000015
0.9866160000000015
0.9866160000000015
0.9866160000000015
0.9866160000000015
0.9866160000000015
0.9866639999999975
0.9866639999999975
0.9866639999999975
0.9866639999999975
0.9866639999999975
0.9866639999999975
0.9866639999999975
0.9866639999999975
0.9866639999999975
0.9866639999999975
0.9866639999999975
0.9866639999999975
0.9866639999999975
0.9866639999999975
0.9866639999999975
0.9866639999999975
0.9866639999999975
0.9866639999999975
0.9866639999999975
0.9866639999999975
0.9866639999999975
0.9866639999999975
0.9866639999999975
0.9866639999999975
0.9866639999999975
0.9866639999999975
0.9866639999999975
0.9866639999999975
0.9866639999999975
0.9866639999999975
0.9866639999999975
0.9866639999999975
0.9866639999999975
0.9866639999999975
0.9866639999999975
0.9866639999999975
0.9866639999999975
0.9866639999999975
0.9866639999999975
0.9866639999999975
0.9866639999999975
0.9866639999999975
0.9866639999999975
0.9866639999999975
0.9866639999999975
0.9866639999999975
0.9866639999999993
0.9866639999999993
0.9866639999999993
0.9866639999999993
0.9866639999999993
0.9866639999999993
0.9866639999999993
0.9866639999999993
0.9866639999999993
0.9866639999999993
0.9866640000000011
0.9866640000000011
0.9866640000000011
0.9866640000000011
0.9866640000000011
0.9866640000000011
0.9866640000000011
0.9866640000000011
0.9866640000000011
0.9866640000000011
0.9866640000000011
0.9866640000000011
0.9866640000000011
0.9866640000000011
0.9866640000000011
0.9866640000000011
0.9866640000000011
0.9866640000000011
0.9866640000000011
0.9866640000000011
0.9866640000000011
0.9866640000000011
0.9866640000000011
0.9866640000000011
0.9866640000000011
0.9866640000000011
0.9866640000000011
0.9866640000000011
0.9866640000000011
0.9866640000000011
0.9866640000000011
0.9866640000000011
0.9866640000000011
0.9866640000000011
0.9866640000000011
0.9866640000000011
0.9866640000000011
0.9866640000000011
0.9866640000000011
0.9866640000000011
0.9866640000000011
0.9866640000000011
0.9866640000000011
0.9866640000000011
0.9866640000000011
0.9866640000000011
0.9866640000000011
0.9866640000000011
0.9866640000000011
0.9866640000000011
0.9866640000000011
0.9866640000000011
0.9866640000000011
0.9866640000000011
0.9866640000000011
0.9866640000000011
0.9866640000000011
0.9866640000000011
0.9866640000000011
0.9866640000000011
0.9866640000000011
0.9866640000000011
0.9866640000000011
0.9866640000000011
0.9866640000000011
0.9866640000000011
0.9866640000000011
0.9866640000000011
0.9866640000000011
0.9866640000000011
0.9866640000000011
0.9866640000000011
0.9866640000000011
0.9866640000000011
0.9866640000000011
0.9866640000000011
0.9866640000000011
0.9885493329999999
0.9886053329999989
0.9886053329999989
0.9886053329999989
0.9886053330000024
0.9886053330000024
0.9952159999999992
0.9966159999999995
0.9966159999999995
0.9966159999999995
0.9966159999999995
0.9966159999999995
0.9966159999999995
0.9966159999999995
0.9966159999999995
0.9966159999999995
0.9966159999999995
0.9966159999999995
0.9966159999999995
0.9966159999999995
0.9966160000000004
0.9966160000000013
0.9966160000000013
0.9966160000000013
0.9966160000000013
0.9966639999999991
0.9966639999999991
0.9966639999999991
0.9966639999999991
0.9966639999999991
0.9966639999999991
0.9966639999999991
0.9966639999999991
0.9966639999999991
0.9966639999999991
0.9966639999999991
0.9966639999999991
0.9966639999999991
0.9966639999999991
0.9966639999999991
0.9966639999999991
0.9966639999999991
0.9966639999999991
0.9966639999999991
0.9966639999999991
0.9966639999999991
0.9966639999999991
0.9966639999999991
0.9966639999999991
0.9966639999999991
0.9966639999999991
0.9966639999999991
0.9966639999999991
0.9966639999999991
0.9966639999999991
0.9966639999999991
0.9966639999999991
0.9966639999999991
0.9966639999999991
0.9966639999999991
0.9966639999999991
0.9966639999999991
0.9966639999999991
0.9966639999999991
0.9966639999999991
0.9966639999999991
0.9966640000000009
0.9966640000000009
0.9966640000000027
0.9966640000000027
0.9966640000000027
0.9966640000000027
0.9966640000000027
0.9966640000000027
0.9966640000000027
0.9966640000000027
0.9966640000000027
0.9966640000000027
0.9966640000000027
0.9966640000000027
0.9966640000000027
0.9966640000000027
0.9966640000000027
0.9966640000000027
1.005215999999999
1.005271999999998
1.005271999999998
1.005271999999998
1.005271999999998
1.0052720000000015
1.0066159999999993
1.0066159999999993
1.0066159999999993
1.0066159999999993
1.0066159999999993
1.0066159999999993
1.0066159999999993
1.0066159999999993
1.0066159999999993
1.0066159999999993
1.0066159999999993
1.0066159999999993
1.0066159999999993
1.0066159999999993
1.0066159999999993
1.0066159999999993
1.0066159999999993
1.0066159999999993
1.0066159999999993
1.0066159999999993
1.0066159999999993
1.0066159999999993
1.0066159999999993
1.0066159999999993
1.0066160000000002
1.0066160000000002
1.0066160000000002
1.0066160000000002
1.0066160000000002
1.0066160000000002
1.0066160000000002
1.0066160000000002
1.0066160000000002
1.0066160000000002
1.006616000000001
1.006616000000001
1.006616000000001
1.006616000000001
1.006616000000001
1.006616000000001
1.006616000000001
1.006616000000001
1.006616000000001
1.006616000000001
1.006616000000001
1.006616000000001
1.006616000000001
1.006616000000001
1.006616000000001
1.0066639999999971
1.0066639999999971
1.0066639999999971
1.0066639999999971
1.0066639999999971
1.0066639999999971
1.0066639999999971
1.0066639999999971
1.0066639999999971
1.0066639999999971
1.0066639999999971
1.0066639999999971
1.0066639999999971
1.0066639999999971
1.0066639999999971
1.0066639999999971
1.0066639999999971
1.0066639999999971
1.0066639999999971
1.0066639999999971
1.0066639999999971
1.0066639999999971
1.0066639999999971
1.0066639999999971
1.0066639999999971
1.0066639999999971
1.0066639999999971
1.0066639999999971
1.0066639999999971
1.0066639999999971
1.0066639999999971
1.0066639999999971
1.006663999999999
1.006663999999999
1.006663999999999
1.006663999999999
1.006663999999999
1.006663999999999
1.006663999999999
1.006663999999999
1.006663999999999
1.006663999999999
1.006663999999999
1.006663999999999
1.0066640000000007
1.0066640000000007
1.0066640000000007
1.0066640000000007
1.0066640000000007
1.0066640000000007
1.0066640000000007
1.0066640000000007
1.0066640000000007
1.0066640000000007
1.0066640000000007
1.0066640000000007
1.0066640000000007
1.0066640000000007
1.0066640000000007
1.0066640000000007
1.0066640000000007
1.0066640000000007
1.0066640000000007
1.0066640000000007
1.0066640000000007
1.0066640000000007
1.0066640000000007
1.0066640000000007
1.0066640000000007
1.0066640000000007
1.0066640000000007
1.0066640000000007
1.0066640000000007
1.0066640000000007
1.0066640000000007
1.0066640000000007
1.0066640000000007
1.0066640000000007
1.0066640000000007
1.0066640000000007
1.0066640000000007
1.0066640000000007
1.0066640000000007
1.0066640000000007
1.0066640000000007
1.0066640000000007
1.0066640000000007
1.0066640000000007
1.0066640000000007
1.0066640000000007
1.0066640000000007
1.0066640000000007
1.0066640000000007
1.0066640000000007
1.0066640000000007
1.0066640000000007
1.0066640000000007
1.0066640000000007
1.0066640000000007
1.0066640000000007
1.0066640000000007
1.0066640000000007
1.0066640000000007
1.0066640000000007
1.0066640000000007
1.0066640000000007
1.0066640000000007
1.0066640000000007
1.0066640000000007
1.0066640000000007
1.0066640000000007
1.0066640000000007
1.0066640000000007
1.0066640000000007
1.0066640000000007
1.0066640000000007
1.0066640000000007
1.0066640000000007
1.0066640000000007
1.0066640000000007
1.0066640000000007
1.0066640000000007
1.0066640000000007
1.0066640000000007
1.0066640000000007
1.0066640000000007
1.0066640000000007
1.0066640000000007
1.0066640000000007
1.0066640000000007
1.0066640000000007
1.0066640000000007
1.0066640000000007
1.0066640000000007
1.0066640000000007
1.0066640000000007
1.0066640000000007
1.0066640000000007
1.0066640000000007
1.0066640000000007
1.0066640000000007
1.0066640000000007
1.0066640000000007
1.0066640000000007
1.0066640000000007
1.0066640000000007
1.0066640000000007
1.0066640000000007
1.0066640000000007
1.0066640000000007
1.0066640000000007
1.0066640000000007
1.0066640000000007
1.0066640000000007
1.0066640000000007
1.0066640000000007
1.0066640000000007
1.0066640000000007
1.0066640000000007
1.0066640000000007
1.0066640000000007
1.0066640000000007
1.0066640000000007
1.0066640000000007
1.0066640000000007
1.0066640000000007
1.0066640000000007
1.0066640000000007
1.0066640000000007
1.0066640000000007
1.0066640000000007
1.0066640000000007
1.0066640000000007
1.0066640000000007
1.0066640000000007
1.0066640000000007
1.0066640000000007
1.0066640000000007
1.0066640000000007
1.0066640000000007
1.0066640000000007
1.0066640000000007
1.0066640000000007
1.0066640000000007
1.0066640000000007
1.0066640000000007
1.0066640000000007
1.0066640000000007
1.0066640000000007
1.0066640000000007
1.0066640000000007
1.0066640000000007
1.0066640000000007
1.0066640000000007
1.0066640000000007
1.0066640000000007
1.0066640000000007
1.0066640000000007
1.0066640000000007
1.0066640000000007
1.0066640000000007
1.0066640000000007
1.0066640000000007
1.0066640000000007
1.0066640000000007
1.0066640000000007
1.0066640000000007
1.0066640000000007
1.0066640000000007
1.0066640000000007
1.0066640000000007
1.0066640000000007
1.0138800000000003
1.0155519999999996
1.0155519999999996
1.0155519999999996
1.0155519999999996
1.0155519999999996
1.0155519999999996
1.0155519999999996
1.0155519999999996
1.0155519999999996
1.0155519999999996
1.0155519999999996
1.0155519999999996
1.0155519999999996
1.0155519999999996
1.0155519999999996
1.0155519999999996
1.0155519999999996
1.0155519999999996
1.0155519999999996
1.0155519999999996
1.0155519999999996
1.0155519999999996
1.0155519999999996
1.0155519999999996
1.0155519999999996
1.0155519999999996
1.0155519999999996
1.0155519999999996
1.0155519999999996
1.0155519999999996
1.0155519999999996
1.0155519999999996
1.0155519999999996
1.0155519999999996
1.0155519999999996
1.0155519999999996
1.0155519999999996
1.0155519999999996
1.0155519999999996
1.0155519999999996
1.0155519999999996
1.0155519999999996
1.0155519999999996
1.0155519999999996
1.0155519999999996
1.0155520000000005
1.0155520000000013
1.0155520000000013
1.0155520000000013
1.0155520000000013
1.0155520000000031
1.0155520000000031
1.0155520000000031
1.0155520000000031
1.0155520000000031
1.0155520000000031
1.0155520000000031
1.0155520000000031
1.0177759999999978
1.0177759999999978
1.0177759999999978
1.0177759999999978
1.0177759999999978
1.0177759999999978
1.0177759999999978
1.0177759999999978
1.0177759999999978
1.0177759999999978
1.0177759999999978
1.0177759999999978
1.0177759999999978
1.0177759999999978
1.0177759999999978
1.0177759999999978
1.0177759999999978
1.0177759999999978
1.0177759999999978
1.0177759999999978
1.0177759999999978
1.0177759999999978
1.0177759999999978
1.0177759999999978
1.0177759999999978
1.0177759999999978
1.0177759999999978
1.0177759999999978
1.0177759999999978
1.0177759999999978
1.0177759999999978
1.0177759999999978
1.0177759999999978
1.0177759999999978
1.0177759999999978
1.0177759999999978
1.0177759999999978
1.0177759999999978
1.0177759999999978
1.0177759999999978
1.0177759999999978
1.0177759999999978
1.0177759999999978
1.0177759999999978
1.0177759999999978
1.0177759999999978
1.0177759999999978
1.0177759999999978
1.0177759999999978
1.0177759999999978
1.0177759999999978
1.0177759999999978
1.0177759999999978
1.0177759999999978
1.0177759999999978
1.0177759999999978
1.0177759999999978
1.0177759999999978
1.0177759999999978
1.0177759999999978
1.0177759999999978
1.0177759999999978
1.0177759999999978
1.0177759999999978
1.0177759999999978
1.0177759999999978
1.0177759999999978
1.0177759999999978
1.0177759999999978
1.0177759999999978
1.0177759999999978
1.0177759999999978
1.0177759999999978
1.0177759999999978
1.0177759999999996
1.0177759999999996
1.0177759999999996
1.0177759999999996
1.0177759999999996
1.0177759999999996
1.0177759999999996
1.0177759999999996
1.0177759999999996
1.0177759999999996
1.0177759999999996
1.0177759999999996
1.0177759999999996
1.0177759999999996
1.0177759999999996
1.0177759999999996
1.0177759999999996
1.0177759999999996
1.0177759999999996
1.0177759999999996
1.0177759999999996
1.0177759999999996
1.0177759999999996
1.0177759999999996
1.0177759999999996
1.0177759999999996
1.0177759999999996
1.0177759999999996
1.0177759999999996
1.0177759999999996
1.0177759999999996
1.0177759999999996
1.0177759999999996
1.0177759999999996
1.0177759999999996
1.0177759999999996
1.0177759999999996
1.0177759999999996
1.0177759999999996
1.0177759999999996
1.0177759999999996
1.0177759999999996
1.0177759999999996
1.0177759999999996
1.0177759999999996
1.0177759999999996
1.0177759999999996
1.0177759999999996
1.0177759999999996
1.0177759999999996
1.0177759999999996
1.0177759999999996
1.0177759999999996
1.0177759999999996
1.0177759999999996
1.0177760000000005
1.0177760000000005
1.0177760000000013
1.0177760000000013
1.0177760000000013
1.0177760000000013
1.0177760000000013
1.0177760000000013
1.0177760000000013
1.0177760000000013
1.0177760000000013
1.0177760000000013
1.0177760000000013
1.0177760000000013
1.0177760000000013
1.0177760000000013
1.0177760000000013
1.0177760000000013
1.0177760000000013
1.0177760000000013
1.0177760000000013
1.0177760000000013
1.0177760000000013
1.0177760000000013
1.0177760000000013
1.0177760000000013
1.0177760000000013
1.0177760000000013
1.0177760000000013
1.0177760000000013
1.0177760000000013
1.0177760000000013
1.0177760000000013
1.0177760000000013
1.0177760000000013
1.0177760000000013
1.0177760000000013
1.0177760000000013
1.0177760000000013
1.0177760000000013
1.0177760000000013
1.0177760000000013
1.0177760000000013
1.0177760000000013
1.0177760000000013
1.0177760000000013
1.0177760000000013
1.0177760000000013
1.0177760000000013
1.0177760000000013
1.0177760000000013
1.0177760000000013
1.0177760000000013
1.0177760000000013
1.0177760000000013
1.0177760000000013
1.0177760000000013
1.0177760000000013
1.0177760000000013
1.0177760000000013
1.0177760000000013
1.0177760000000013
1.0177760000000013
1.0177760000000013
1.0177760000000013
1.0177760000000013
1.0177760000000013
1.0177760000000013
1.0177760000000013
1.0177760000000013
1.0177760000000013
1.0177760000000013
1.0177760000000013
1.0177760000000013
1.0177760000000013
1.0177760000000013
1.0177760000000013
1.0177760000000013
1.0177760000000013
1.0177760000000013
1.0177760000000013
1.0177760000000013
1.0177760000000013
1.0177760000000013
1.0177760000000013
1.0177760000000013
1.0177760000000013
1.0177760000000013
1.0177760000000013
1.0177760000000013
1.0177760000000013
1.0177760000000013
1.0177760000000013
1.0177760000000013
1.0177760000000013
1.0177760000000013
1.0177760000000013
1.0177760000000013
1.0177760000000013
1.0177760000000013
1.0177760000000013
1.0177760000000013
1.0177760000000013
1.0177760000000013
1.0177760000000013
1.0177760000000013
1.0177760000000013
1.0177760000000013
1.0177760000000013
1.0177760000000013
1.0177760000000013
1.0177760000000013
1.0177760000000013
1.0177760000000013
1.0177760000000013
1.0177760000000013
1.0177760000000013
1.0177760000000013
1.0177760000000013
1.0177760000000013
1.0177760000000013
1.0177760000000013
1.0177760000000013
1.0177760000000013
1.0177760000000013
1.0232879950000004
1.023287999999999
1.023287999999999
1.0232880000000009
1.0232880000000009
1.0232880000000009
1.0232880000000009
1.0232880000000009
1.0232880000000009
1.0232880000000009
1.0232880000000009
1.0232880000000009
1.0232880000000009
1.023327994999999
1.0233279950000025
1.0233279950000025
1.0233279950000025
1.0233279999999993
1.0233279999999993
1.0233279999999993
1.023328000000003
1.0241599999999993
1.0241600000000002
1.0241600000000002
1.0277759999999994
1.0277759999999994
1.0277759999999994
1.0277759999999994
1.0277759999999994
1.0277759999999994
1.0277759999999994
1.0277760000000011
1.027776000000003
1.027776000000003
1.0318959999999997
1.0318959999999997
1.0318959999999997
1.0318959999999997
1.0318959999999997
1.0318959999999997
1.0318959999999997
1.0319439999999993
1.0466159999999984
1.0466159999999984
1.0466159999999984
1.0466159999999984
1.0466159999999984
1.0466159999999984
1.0466159999999984
1.0466159999999984
1.0466159999999984
1.0466159999999984
1.0466159999999993
1.0466159999999993
1.0466159999999993
1.0466159999999993
1.0466159999999993
1.0466160000000002
1.0466160000000002
1.0466160000000002
1.0466160000000002
1.0466160000000002
1.0466160000000002
1.0466160000000002
1.0466160000000002
1.0466160000000002
1.0466160000000002
1.0466160000000002
1.0466160000000002
1.0466160000000002
1.0466160000000002
1.0466160000000002
1.0466160000000002
1.0466160000000002
1.0466160000000002
1.0466160000000002
1.0466160000000002
1.0466160000000002
1.0466160000000002
1.0466160000000002
1.0466160000000002
1.0466160000000002
1.0466160000000002
1.0466160000000002
1.0466160000000002
1.0466160000000002
1.0466160000000002
1.0466160000000002
1.0466160000000002
1.0466160000000002
1.0466160000000002
1.0466160000000002
1.0466160000000002
1.0466160000000002
1.0466160000000002
1.0466160000000002
1.0466160000000002
1.0466160000000002
1.0466160000000002
1.0466160000000002
1.0466160000000002
1.0466160000000002
1.0466160000000002
1.0466160000000002
1.0466160000000002
1.0466160000000002
1.0466160000000002
1.0466160000000002
1.0466160000000002
1.0466160000000002
1.0466160000000002
1.0466160000000002
1.0466160000000002
1.0466160000000002
1.046616000000002
1.046616000000002
1.0466639999999998
1.0466639999999998
1.0466639999999998
1.0466639999999998
1.0466639999999998
1.0466639999999998
1.0466639999999998
1.0466639999999998
1.0466639999999998
1.0466639999999998
1.0466639999999998
1.0466639999999998
1.0466639999999998
1.0466639999999998
1.0466639999999998
1.0466639999999998
1.0466639999999998
1.0466639999999998
1.0466639999999998
1.0466639999999998
1.0466639999999998
1.0466639999999998
1.0466639999999998
1.0466639999999998
1.0466639999999998
1.0466639999999998
1.0466639999999998
1.0466639999999998
1.0466639999999998
1.0466639999999998
1.0466639999999998
1.0466639999999998
1.0466639999999998
1.0466639999999998
1.0466639999999998
1.0466639999999998
1.0466639999999998
1.0466639999999998
1.0466639999999998
1.0466639999999998
1.0466639999999998
1.0466639999999998
1.0466639999999998
1.0466639999999998
1.0466639999999998
1.0466639999999998
1.0466639999999998
1.0466639999999998
1.0466639999999998
1.0466639999999998
1.0466639999999998
1.0466639999999998
1.0466639999999998
1.0466639999999998
1.0466639999999998
1.0466639999999998
1.0466639999999998
1.0466639999999998
1.0466639999999998
1.0466639999999998
1.0466639999999998
1.0466639999999998
1.0466639999999998
1.0466639999999998
1.0466639999999998
1.0466639999999998
1.0466639999999998
1.0466639999999998
1.0466639999999998
1.0466639999999998
1.0466639999999998
1.0466639999999998
1.0466639999999998
1.0466639999999998
1.0466639999999998
1.0466639999999998
1.0466639999999998
1.0466639999999998
1.0466639999999998
1.0466639999999998
1.0466639999999998
1.0466639999999998
1.0466639999999998
1.0466639999999998
1.0466639999999998
1.0466639999999998
1.0466639999999998
1.0466639999999998
1.0466639999999998
1.0466639999999998
1.0466639999999998
1.0466639999999998
1.0466639999999998
1.0466639999999998
1.0466639999999998
1.0466639999999998
1.0466639999999998
1.0466639999999998
1.0466639999999998
1.0466639999999998
1.0466639999999998
1.0466639999999998
1.0466639999999998
1.0466639999999998
1.0466639999999998
1.0466639999999998
1.0466639999999998
1.0466639999999998
1.0466639999999998
1.0466639999999998
1.0466639999999998
1.0466639999999998
1.0466639999999998
1.0466639999999998
1.0466639999999998
1.0466639999999998
1.0466639999999998
1.0466639999999998
1.0466639999999998
1.0466639999999998
1.0466639999999998
1.0466639999999998
1.0466639999999998
1.0466639999999998
1.0466639999999998
1.0466639999999998
1.0466639999999998
1.0466639999999998
1.0466639999999998
1.0466639999999998
1.0466639999999998
1.0466639999999998
1.0466639999999998
1.0466639999999998
1.0466639999999998
1.0466639999999998
1.0466639999999998
1.0466639999999998
1.0466639999999998
1.0466639999999998
1.0466639999999998
1.0466639999999998
1.0466639999999998
1.0466639999999998
1.0466639999999998
1.0466639999999998
1.0466639999999998
1.0466639999999998
1.0466639999999998
1.0466639999999998
1.0466639999999998
1.0466639999999998
1.0466639999999998
1.0466639999999998
1.0466640000000016
1.0486293360000012
1.056616
1.056616
1.056616
1.056616
1.056616
1.056616
1.056616
1.056616
1.056616
1.056616
1.056616
1.056616
1.056616
1.056616
1.056616
1.056616
1.056616
1.0566160000000009
1.0566639999999978
1.0566639999999978
1.0566639999999978
1.0566639999999978
1.0566639999999978
1.0566639999999978
1.0566639999999978
1.0566639999999978
1.0566639999999978
1.0566639999999978
1.0566639999999978
1.0566639999999978
1.0566639999999978
1.0566639999999978
1.0566639999999978
1.0566639999999978
1.0566639999999978
1.0566639999999978
1.0566639999999978
1.0566639999999978
1.0566639999999978
1.0566639999999978
1.0566639999999978
1.0566639999999978
1.0566639999999978
1.0566639999999978
1.0566639999999978
1.0566639999999978
1.0566639999999978
1.0566639999999978
1.0566639999999978
1.0566639999999978
1.0566639999999978
1.0566639999999978
1.0566639999999978
1.0566639999999978
1.0566639999999978
1.0566639999999978
1.0566639999999978
1.0566639999999978
1.0566639999999978
1.0566639999999996
1.0566639999999996
1.0566640000000014
1.0566640000000014
1.0566640000000014
1.0566640000000014
1.0566640000000014
1.0566640000000014
1.0566640000000014
1.0566640000000014
1.0566640000000014
1.0566640000000014
1.0566640000000014
1.0566640000000014
1.0566640000000014
1.0566640000000014
1.0566640000000014
1.0566640000000014
1.0566640000000014
1.0566640000000014
1.0566640000000014
1.0566640000000014
1.0566640000000014
1.0566640000000014
1.0566640000000014
1.0566640000000014
1.0566640000000014
1.0566640000000014
1.0566640000000014
1.0566640000000014
1.0566640000000014
1.0566640000000014
1.0566640000000014
1.0566640000000014
1.0566640000000014
1.0566640000000014
1.0566640000000014
1.0566640000000014
1.0566640000000014
1.0566640000000014
1.0566640000000014
1.0566640000000014
1.0566640000000014
1.0566640000000014
1.0566640000000014
1.0566640000000014
1.0566640000000014
1.0566640000000014
1.0566640000000014
1.0566640000000014
1.0566640000000014
1.0566640000000014
1.0566640000000014
1.0566640000000014
1.0566640000000014
1.0566640000000014
1.0566640000000014
1.0566640000000014
1.0566640000000014
1.0566640000000014
1.0866159999999994
1.0866159999999994
1.0866159999999994
1.0866159999999994
1.0866159999999994
1.0866159999999994
1.0866159999999994
1.0866159999999994
1.0866159999999994
1.0866159999999994
1.0866159999999994
1.0866159999999994
1.0866160000000002
1.0866160000000002
1.0866160000000002
1.0866160000000002
1.0866160000000002
1.0866160000000002
1.0866160000000002
1.0866160000000011
1.0866160000000011
1.0866160000000011
1.0866160000000011
1.0866160000000011
1.086663999999999
1.086663999999999
1.086663999999999
1.086663999999999
1.086663999999999
1.086663999999999
1.086663999999999
1.086663999999999
1.086663999999999
1.086663999999999
1.086663999999999
1.086663999999999
1.086663999999999
1.086663999999999
1.086663999999999
1.086663999999999
1.086663999999999
1.086663999999999
1.086663999999999
1.086663999999999
1.0866640000000007
1.0866640000000007
1.0866640000000007
1.0866640000000025
1.0866640000000025
1.0866640000000025
1.0866640000000025
1.0866640000000025
1.0886293359999968
1.1155519999999974
1.1155519999999974
1.1155519999999992
1.1155519999999992
1.1155519999999992
1.1155519999999992
1.1155519999999992
1.1155519999999992
1.1155519999999992
1.1155519999999992
1.1155519999999992
1.1155519999999992
1.115552
1.115552
1.115552
1.115552
1.115552000000001
1.115552000000001
1.115552000000001
1.115552000000001
1.115552000000001
1.115552000000001
1.115552000000001
1.115552000000001
1.115552000000001
1.115552000000001
1.115552000000001
1.115552000000001
1.115552000000001
1.115552000000001
1.115552000000001
1.115552000000001
1.115552000000001
1.115552000000001
1.115552000000001
1.115552000000001
1.123287995
1.1232880000000005
1.1233279950000004
1.1233280000000008
1.1263839999999998
1.1263839999999998
1.1263839999999998
1.1263839999999998
1.1263839999999998
1.1349920000000004
1.1349920000000004
