0.37779200000000035
0.3677919999999997
0.4263919999999999
0.37779200000000035
1.0155519999999996
0.37779199999999946
0.8177759999999994
0.4263919999999999
0.4177919999999995
0.37779200000000035
0.9155519999999999
0.3677919999999997
0.36779200000000056
0.4177919999999995
0.37779200000000035
1.0318959999999997
0.36779200000000056
0.4177919999999995
0.37779199999999946
0.37779199999999946
0.3677919999999997
1.0232880000000009
0.36779200000000145
0.37779199999999946
0.31779200000000074
0.3277920000000005
0.37779199999999946
0.3677919999999997
0.9232879999999994
0.3677919999999997
1.0155519999999996
0.4241679999999999
0.42779200000000017
0.3677919999999997
0.3677919999999997
0.37779200000000124
0.3677919999999997
0.3677919999999997
1.023287999999999
0.37779199999999946
0.42779200000000017
0.3677919999999997
1.0232880000000009
0.37779199999999946
0.37779199999999946
0.8177760000000003
0.36779200000000145
0.37779199999999946
0.37779199999999946
0.9232880000000012
0.37779200000000124
0.3677919999999997
0.8177760000000003
0.37779200000000124
1.0155519999999996
0.36779200000000145
0.3677919999999997
0.8177760000000003
0.37779200000000124
1.0318959999999997
0.36779200000000145
0.8177760000000003
0.4263919999999999
0.37779199999999946
1.0155519999999996
0.37779200000000124
0.8177760000000003
0.4263919999999999
0.4177920000000004
0.37779200000000124
0.9155519999999999
0.36779200000000145
0.3677919999999997
0.4177920000000004
0.37779200000000124
1.0318959999999997
0.36779200000000145
0.4177919999999986
0.37779199999999946
0.37779199999999946
0.3677919999999997
1.0232880000000009
0.36779200000000145
0.37779199999999946
0.31779200000000074
0.3277920000000005
0.37779199999999946
0.3677919999999997
0.9232879999999994
0.3677919999999997
1.0155519999999996
0.4241679999999999
0.42779200000000017
0.3677919999999997
0.3677919999999997
0.37779200000000124
0.3677919999999979
0.3677919999999997
1.0232880000000009
0.37779199999999946
0.42779200000000017
0.3677919999999979
1.0232880000000009
0.377792000000003
0.37779199999999946
0.8177760000000021
0.36779200000000145
0.37779199999999946
0.377792000000003
0.9232879999999994
0.37779199999999946
0.3677919999999979
0.8177759999999985
0.37779199999999946
1.0155519999999996
0.36779200000000145
0.3677919999999979
0.8177760000000021
0.37779199999999946
1.0318959999999997
0.36779200000000145
0.8177760000000021
0.4263919999999999
0.37779199999999946
1.0155519999999996
0.37779199999999946
0.8177760000000021
0.4263919999999999
0.41779200000000216
0.37779199999999946
0.9155519999999981
0.36779200000000145
0.3677919999999979
0.41779200000000216
0.37779199999999946
1.0318959999999997
0.36779200000000145
0.4177919999999986
0.377792000000003
0.37779199999999946
0.3677919999999979
1.0232880000000009
0.36779200000000145
0.37779199999999946
0.3177919999999972
0.3277920000000023
0.37779199999999946
0.36779200000000145
0.923288000000003
0.36779200000000145
1.0155519999999996
0.4241679999999981
0.42779200000000017
0.36779200000000145
0.36779200000000145
0.37779199999999946
0.3677919999999979
0.36779200000000145
1.0232880000000009
0.37779199999999946
0.42779200000000017
0.3677919999999979
1.0232880000000009
0.377792000000003
0.37779199999999946
0.8177760000000021
0.36779200000000145
0.37779199999999946
0.377792000000003
0.9232879999999994
0.37779199999999946
0.3677919999999979
0.8177759999999985
0.37779199999999946
1.0155519999999996
0.36779200000000145
0.3677919999999979
0.8177760000000021
0.37779199999999946
1.0318959999999997
0.36779200000000145
0.8177760000000021
0.4263919999999999
0.37779199999999946
1.0155519999999996
0.37779199999999946
0.8177760000000021
0.4263919999999999
0.41779200000000216
0.37779199999999946
0.9155519999999981
0.36779200000000145
0.3677919999999979
0.41779200000000216
0.37779199999999946
1.0318959999999997
0.36779200000000145
0.4177919999999986
0.377792000000003
0.37779199999999946
0.3677919999999979
1.0232880000000009
0.36779200000000145
0.37779199999999946
0.3177919999999972
0.3277920000000023
0.37779199999999946
0.36779200000000145
0.9233280000000015
0.36779200000000145
1.0155519999999996
0.4241679999999981
0.42779200000000017
0.36779200000000145
0.36779200000000145
0.37779199999999946
0.3677919999999979
0.36779200000000145
1.0233279999999993
0.37779199999999946
0.42779200000000017
0.3677919999999979
1.0233279999999993
0.377792000000003
0.37779199999999946
0.8177760000000021
0.36779200000000145
0.37779199999999946
0.377792000000003
0.9233279999999979
0.37779199999999946
0.3677919999999979
0.8177759999999985
0.37779199999999946
1.0155519999999996
0.36779200000000145
0.3677919999999979
0.8177760000000021
0.37779199999999946
1.0319439999999993
0.36779200000000145
0.8177760000000021
0.4263919999999999
0.37779199999999946
1.0155519999999996
0.37779199999999946
0.8177760000000021
0.4263919999999999
0.41779200000000216
0.9155519999999981
0.39664000000000055
0.40664000000000033
0.8866160000000001
0.39663999999999966
0.846616
0.4552320000000005
0.45664000000000016
0.8866160000000001
0.846616
0.40663999999999945
0.8866160000000001
0.45663999999999927
0.8866160000000001
0.846616
0.846616
0.45523199999999964
0.8866160000000001
0.8466160000000009
0.44664000000000037
0.886616000000001
0.8466159999999991
0.45664000000000016
0.8866160000000001
0.8466160000000009
0.39663999999999966
0.8866160000000001
0.8466159999999991
0.40663999999999945
0.45664000000000016
0.8466159999999991
0.9866160000000015
0.8466159999999991
0.40663999999999945
0.8866160000000001
0.8866160000000001
0.8466159999999991
0.40663999999999945
0.8466160000000009
0.4552320000000005
0.8866160000000001
0.8466159999999991
0.4466399999999986
0.44664000000000037
0.8866160000000001
0.9866160000000015
0.8466159999999991
0.45523199999999875
0.44664000000000037
0.8866160000000001
0.8466160000000009
0.4552320000000005
0.40663999999999945
0.44664000000000037
0.8866160000000001
0.4066400000000012
0.9866160000000015
0.4466399999999986
0.45664000000000016
0.8866160000000001
0.8466160000000009
0.39663999999999966
0.40663999999999945
0.8866160000000001
0.39663999999999966
0.8466160000000009
0.4552320000000005
0.45664000000000016
0.8866160000000001
0.8466160000000009
0.4066400000000012
0.8866160000000001
0.45664000000000016
0.8866160000000001
0.8466160000000009
0.8466159999999991
0.4552320000000005
0.8866160000000001
0.8466160000000009
0.44664000000000037
0.8866160000000001
0.8466159999999991
0.45664000000000016
0.8866160000000001
0.8466160000000009
0.39663999999999966
0.8866160000000001
0.8466159999999991
0.40663999999999945
0.45664000000000016
0.8466159999999991
0.9866160000000015
0.8466159999999991
0.40663999999999945
0.8866160000000001
0.8866160000000001
0.8466159999999991
0.4066400000000012
0.8466159999999991
0.45523199999999875
0.8866160000000001
0.8466160000000009
0.4466399999999986
0.4466399999999986
0.8866160000000001
0.9866160000000015
0.8466160000000009
0.45523199999999875
0.44664000000000215
0.8866160000000001
0.8466160000000009
0.45523199999999875
0.40663999999999945
0.44664000000000215
0.8866160000000001
0.40663999999999945
0.9866160000000015
0.4466399999999986
0.45664000000000016
0.8866160000000001
0.8466159999999974
0.3966399999999979
0.40663999999999945
0.8866160000000001
0.39664000000000144
0.8466160000000009
0.45523199999999875
0.45664000000000016
0.8866160000000001
0.8466160000000009
0.40663999999999945
0.8866160000000001
0.45664000000000016
0.8866160000000001
0.8466159999999974
0.8466160000000009
0.4552320000000023
0.8866160000000001
0.8466159999999974
0.44664000000000215
0.8866160000000001
0.8466160000000009
0.45664000000000016
0.8866160000000001
0.8466159999999974
0.3966399999999979
0.8866160000000001
0.8466160000000009
0.40663999999999945
0.45664000000000016
0.8466160000000009
0.9866160000000015
0.8466160000000009
0.40663999999999945
0.8866160000000001
0.8866160000000001
0.8466160000000009
0.406640000000003
0.8466159999999974
0.45523199999999875
0.8866160000000001
0.8466160000000009
0.4466399999999986
0.4466399999999986
0.8866160000000001
0.9866160000000015
0.8466160000000009
0.45523199999999875
0.44664000000000215
0.8866160000000001
0.8466160000000009
0.45523199999999875
0.40663999999999945
0.44664000000000215
0.8866160000000001
0.40663999999999945
0.9866160000000015
0.4466399999999986
0.45664000000000016
0.8866160000000001
0.8466159999999974
0.3966399999999979
0.40663999999999945
0.8866160000000001
0.39664000000000144
0.8466160000000009
0.45523199999999875
0.45664000000000016
0.8866160000000001
0.8466160000000009
0.40663999999999945
0.8866160000000001
0.45664000000000016
0.8866160000000001
0.8466159999999974
0.8466160000000009
0.455248000000001
0.8866160000000001
0.846663999999997
0.44668800000000175
0.8866639999999997
0.8466640000000005
0.45668799999999976
0.8866639999999997
0.846663999999997
0.3966879999999975
0.8866639999999997
0.8466640000000005
0.40668799999999905
0.45668799999999976
0.8466640000000005
0.9866640000000011
0.8466640000000005
0.40668799999999905
0.8866639999999997
0.8866639999999997
0.8466640000000005
0.4066880000000026
0.846663999999997
0.45528799999999947
0.8866639999999997
0.8466640000000005
0.4466879999999982
0.44668800000000175
0.8866639999999997
0.9866640000000011
0.8466640000000005
0.45528799999999947
0.44668800000000175
0.8866639999999997
0.8466640000000005
0.45528799999999947
0.40668799999999905
0.44668800000000175
0.8866639999999997
0.40668799999999905
0.9866640000000011
0.4466879999999982
0.45668799999999976
0.8866639999999997
0.846663999999997
0.3966879999999975
0.40668799999999905
0.8866639999999997
0.39668800000000104
0.8466640000000005
0.45528799999999947
0.45668799999999976
0.8866639999999997
0.8466640000000005
0.8866639999999997
9999986
0.7277759999999986
0.7777759999999994
0.719717333000002
0.7177760000000006
0.623287996000002
0.7677760000000013
0.7777759999999994
0.7777760000000029
0.7777760000000029
0.7777760000000029
0.7277759999999986
0.7277759999999986
0.7777759999999994
0.7197173329999984
0.7177760000000006
0.6232879959999984
0.7677759999999978
0.7777759999999994
0.7777759999999994
0.7777759999999994
0.7777759999999994
0.7277760000000022
0.7277760000000022
0.7777759999999994
0.719717333000002
0.7177760000000006
0.6232879959999984
0.7677760000000013
0.7777759999999994
0.7777759999999994
0.7777759999999994
0.7777759999999994
0.7277759999999986
0.7277759999999986
0.7777759999999994
0.7197173329999984
0.7177760000000006
0.6233279960000004
0.7677760000000013
0.7777759999999994
0.7777759999999994
0.7777760000000029
0.7777760000000029
0.7277760000000022
0.7277759999999986
0.7777759999999994
0.7197173329999984
0.7177760000000006
0.6233279960000004
0.7677759999999978
0.7777759999999994
0.7777759999999994
0.7777759999999994
0.7777759999999994
0.7277760000000022
0.7277760000000022
0.7777759999999994
0.719717333000002
0.7177760000000006
0.6233279960000004
0.7677760000000013
0.7777759999999994
0.7777759999999994
0.7777759999999994
0.7777759999999994
0.7277759999999986
0.7277759999999986
0.7777759999999994
0.7197173329999984
0.7177760000000006
0.6233279960000004
0.7677760000000013
0.7777759999999994
0.7777759999999994
0.7777760000000029
0.7777760000000029
0.7277760000000022
0.7277760000000022
0.7777759999999994
0.7197173329999984
0.7177759999999971
0.6233279960000004
0.7677759999999978
0.7777759999999994
0.7777759999999994
0.7777759999999994
0.7777759999999994
0.7277759999999986
0.7277760000000022
0.7777759999999994
0.719717333000002
0.7177760000000006
0.6233279960000004
0.7677760000000013
0.7777760000000029
0.7777759999999994
0.7777759999999994
0.7777759999999994
0.7277759999999986
0.7277759999999986
0.7777759999999994
0.7197173329999984
0.7177760000000006
0.6233279960000004
0.7677760000000013
0.7777759999999994
0.7777759999999994
0.7777759999999994
0.7777760000000029
0.7277760000000022
0.7277760000000022
0.7777760000000029
0.7197173329999984
0.7177759999999971
0.6233279960000004
0.7677759999999978
0.7777759999999994
0.7777759999999994
0.7777759999999994
0.7777759999999994
0.7277759999999986
0.7277759999999986
0.7777759999999994
0.719717333000002
0.7177760000000006
0.6233279960000004
0.7677760000000013
0.7777760000000029
0.7777760000000029
0.7777759999999994
0.7777759999999994
0.7277759999999986
0.7277759999999986
0.7777759999999994
0.7197173329999984
0.7177760000000006
0.6233279960000004
0.7677760000000013
0.7777759999999994
0.7777759999999994
0.7777759999999994
0.7777759999999994
0.7277760000000022
0.7277760000000022
0.7777760000000029
0.7197173329999984
0.7177759999999971
0.6233279960000004
0.7677759999999978
0.7777759999999994
0.7777759999999994
0.7777759999999994
0.7777759999999994
0.7277759999999986
0.7277759999999986
0.7777759999999994
0.719717333000002
0.7177760000000006
0.6233279960000004
0.7677760000000013
0.7777760000000029
0.7777760000000029
0.7777759999999994
0.7777759999999994
0.7277759999999986
0.7277759999999986
0.7777759999999994
0.7197173329999984
0.7177760000000006
0.6233279960000004
0.7677760000000013
0.7777759999999994
0.7777759999999994
0.7777759999999994
0.7777759999999994
0.7277760000000022
0.7277760000000022
0.7777760000000029
0.719717333000002
0.7177759999999971
0.6233279959999969
0.7677759999999978
0.7777759999999994
0.7777759999999994
0.7777759999999994
0.7777759999999994
0.7277759999999986
0.7277759999999986
0.7777759999999994
0.719717333000002
0.7177760000000006
0.6233279960000004
0.7677760000000013
0.7777760000000029
0.7777760000000029
0.7777760000000029
0.7777759999999994
0.7277759999999986
0.7277759999999986
0.7777759999999994
0.7197173329999984
0.7177760000000006
0.6233279960000004
0.7677759999999978
0.7777759999999994
0.7777759999999994
0.7777759999999994
0.7777759999999994
0.7277760000000022
0.7277760000000022
0.7777760000000029
0.719717333000002
0.7177760000000006
0.6233279959999969
0.7677759999999978
0.7777759999999994
0.7777759999999994
0.7777759999999994
0.7777759999999994
0.7277759999999986
0.7277759999999986
0.7777759999999994
0.7197173329999984
0.7177760000000006
0.6233279960000004
0.7677760000000013
0.7777759999999994
0.7777760000000029
