0.3177919999999972
0.3177919999999972
0.3177919999999972
0.3177919999999972
0.3177919999999972
0.3177919999999972
0.3177919999999972
0.31779199999999896
0.31779199999999896
0.31779199999999896
0.31779199999999896
0.31779199999999896
0.31779199999999896
0.31779199999999896
0.31779199999999896
0.31779199999999985
0.31779199999999985
0.31779199999999985
0.31779199999999985
0.31779200000000074
0.31779200000000074
0.31779200000000074
0.31779200000000074
0.31779200000000074
0.31779200000000074
0.31779200000000074
0.31779200000000074
0.31779200000000074
0.31779200000000074
0.31779200000000074
0.31779200000000074
0.31779200000000074
0.31779200000000074
0.31779200000000074
0.31779200000000074
0.31779200000000074
0.31779200000000074
0.31779200000000074
0.31779200000000074
0.31779200000000074
0.31779200000000074
0.31779200000000074
0.31779200000000074
0.31779200000000074
0.31779200000000074
0.31779200000000074
0.31779200000000074
0.31779200000000074
0.31779200000000074
0.31779200000000074
0.31779200000000074
0.31779200000000074
0.31779200000000074
0.31779200000000074
0.31779200000000074
0.31779200000000074
0.31779200000000074
0.31779200000000074
0.31779200000000074
0.31779200000000074
0.31779200000000074
0.31779200000000074
0.31779200000000074
0.32779199999999964
0.35663999999999874
0.35663999999999874
0.35663999999999874
0.35663999999999874
0.35663999999999874
0.35663999999999874
0.35663999999999874
0.35663999999999874
0.35663999999999874
0.35663999999999874
0.35663999999999874
0.35663999999999874
0.35663999999999874
0.35663999999999874
0.35663999999999874
0.35663999999999874
0.35663999999999874
0.35663999999999874
0.35663999999999874
0.35663999999999874
0.35663999999999874
0.35663999999999874
0.35663999999999874
0.35663999999999874
0.35663999999999874
0.35663999999999874
0.35663999999999874
0.3566399999999996
0.3566399999999996
0.3566399999999996
0.3566400000000005
0.3566400000000005
0.3566400000000005
0.3566400000000005
0.3566400000000005
0.3566400000000005
0.3566400000000005
0.3566400000000005
0.3566400000000005
0.3566400000000005
0.3566400000000005
0.3566400000000005
0.3566400000000005
0.3566400000000005
0.3566400000000005
0.3566400000000005
0.3566400000000005
0.3566400000000005
0.3566400000000023
0.3566400000000023
0.3566400000000023
0.3566400000000023
0.3566400000000023
0.3566400000000023
0.3566400000000023
0.3566400000000023
0.3566400000000023
0.3566400000000023
0.3566400000000023
0.3566400000000023
0.3566400000000023
0.3566400000000023
0.3566400000000023
0.3677919999999979
0.3677919999999979
0.3677919999999979
0.3677919999999979
0.3677919999999979
0.3677919999999979
0.3677919999999979
0.3677919999999979
0.3677919999999979
0.3677919999999979
0.3677919999999979
0.3677919999999979
0.3677919999999979
0.3677919999999979
0.3677919999999979
0.3677919999999979
0.3677919999999979
0.3677919999999979
0.3677919999999979
0.3677919999999979
0.3677919999999979
0.3677919999999979
0.3677919999999979
0.3677919999999979
0.3677919999999979
0.3677919999999979
0.3677919999999979
0.3677919999999979
0.3677919999999979
0.3677919999999979
0.3677919999999979
0.3677919999999997
0.3677919999999997
0.3677919999999997
0.3677919999999997
0.3677919999999997
0.3677919999999997
0.3677919999999997
0.3677919999999997
0.3677919999999997
0.3677919999999997
0.3677919999999997
0.3677919999999997
0.3677919999999997
0.3677919999999997
0.3677919999999997
0.3677919999999997
0.3677919999999997
0.3677919999999997
0.3677919999999997
0.3677919999999997
0.3677919999999997
0.3677919999999997
0.3677919999999997
0.3677919999999997
0.3677919999999997
0.3677919999999997
0.3677919999999997
0.3677919999999997
0.3677919999999997
0.3677919999999997
0.3677919999999997
0.3677919999999997
0.3677919999999997
0.3677919999999997
0.3677919999999997
0.3677919999999997
0.3677919999999997
0.36779200000000056
0.36779200000000056
0.36779200000000056
0.36779200000000056
0.36779200000000056
0.36779200000000145
0.36779200000000145
0.36779200000000145
0.36779200000000145
0.36779200000000145
0.36779200000000145
0.36779200000000145
0.36779200000000145
0.36779200000000145
0.36779200000000145
0.36779200000000145
0.36779200000000145
0.36779200000000145
0.36779200000000145
0.36779200000000145
0.36779200000000145
0.36779200000000145
0.36779200000000145
0.36779200000000145
0.36779200000000145
0.36779200000000145
0.36779200000000145
0.36779200000000145
0.36779200000000145
0.36779200000000145
0.36779200000000145
0.36779200000000145
0.36779200000000145
0.36779200000000145
0.36779200000000145
0.36779200000000145
0.36779200000000145
0.36779200000000145
0.36779200000000145
0.36779200000000145
0.36779200000000145
0.36779200000000145
0.36779200000000145
0.36779200000000145
0.36779200000000145
0.36779200000000145
0.36779200000000145
0.36779200000000145
0.36779200000000145
0.36779200000000145
0.36779200000000145
0.36779200000000145
0.36779200000000145
0.36779200000000145
0.36779200000000145
0.36779200000000145
0.36779200000000145
0.36779200000000145
0.37779199999999946
0.37779199999999946
0.37779199999999946
0.37779199999999946
0.37779199999999946
0.37779199999999946
0.37779199999999946
0.37779199999999946
0.37779199999999946
0.37779199999999946
0.37779199999999946
0.37779199999999946
0.37779199999999946
0.37779199999999946
0.37779199999999946
0.37779199999999946
0.37779199999999946
0.37779199999999946
0.37779199999999946
0.37779199999999946
0.37779199999999946
0.37779199999999946
0.37779199999999946
0.37779199999999946
0.37779199999999946
0.37779199999999946
0.37779199999999946
0.37779199999999946
0.37779199999999946
0.37779199999999946
0.37779199999999946
0.37779199999999946
0.37779199999999946
0.37779199999999946
0.37779199999999946
0.37779199999999946
0.37779199999999946
0.37779199999999946
0.37779199999999946
0.37779199999999946
0.37779199999999946
0.37779199999999946
0.37779199999999946
0.37779199999999946
0.37779199999999946
0.37779199999999946
0.37779199999999946
0.37779199999999946
0.37779199999999946
0.37779199999999946
0.37779199999999946
0.37779199999999946
0.37779199999999946
0.37779199999999946
0.37779199999999946
0.37779199999999946
0.37779199999999946
0.37779199999999946
0.37779199999999946
0.37779199999999946
0.37779199999999946
0.37779199999999946
0.37779199999999946
0.37779199999999946
0.37779199999999946
0.37779199999999946
0.37779200000000035
0.37779200000000035
0.37779200000000035
0.37779200000000124
0.37779200000000124
0.37779200000000124
0.37779200000000124
0.37779200000000124
0.37779200000000124
0.37779200000000124
0.37779200000000124
0.37779200000000124
0.37779200000000124
0.377792000000003
0.377792000000003
0.377792000000003
0.377792000000003
0.377792000000003
0.377792000000003
0.377792000000003
0.377792000000003
0.377792000000003
0.377792000000003
0.377792000000003
0.40663999999999945
0.40663999999999945
0.40663999999999945
0.40663999999999945
0.40663999999999945
0.40663999999999945
0.40663999999999945
0.40663999999999945
0.40663999999999945
0.40663999999999945
0.40663999999999945
0.40663999999999945
0.40663999999999945
0.40663999999999945
0.40663999999999945
0.40663999999999945
0.40663999999999945
0.40663999999999945
0.40663999999999945
0.40663999999999945
0.40663999999999945
0.40663999999999945
0.40663999999999945
0.40663999999999945
0.40663999999999945
0.40663999999999945
0.40663999999999945
0.40663999999999945
0.40663999999999945
0.40663999999999945
0.40663999999999945
0.40663999999999945
0.40663999999999945
0.40663999999999945
0.40663999999999945
0.40663999999999945
0.40663999999999945
0.40663999999999945
0.40663999999999945
0.40663999999999945
0.40663999999999945
0.40663999999999945
0.40663999999999945
0.40663999999999945
0.40663999999999945
0.40663999999999945
0.40663999999999945
0.40663999999999945
0.40663999999999945
0.40663999999999945
0.40663999999999945
0.40663999999999945
0.40663999999999945
0.40663999999999945
0.40663999999999945
0.40663999999999945
0.40663999999999945
0.40663999999999945
0.40663999999999945
0.40663999999999945
0.40663999999999945
0.40663999999999945
0.40663999999999945
0.40663999999999945
0.40663999999999945
0.40663999999999945
0.40663999999999945
0.40663999999999945
0.40663999999999945
0.40663999999999945
0.40663999999999945
0.40663999999999945
0.40663999999999945
0.40663999999999945
0.40663999999999945
0.40663999999999945
0.40663999999999945
0.40663999999999945
0.40663999999999945
0.40663999999999945
0.40663999999999945
0.40663999999999945
0.40663999999999945
0.40663999999999945
0.40663999999999945
0.40663999999999945
0.40663999999999945
0.40663999999999945
0.40664000000000033
0.40664000000000033
0.40664000000000033
0.40664000000000033
0.40664000000000033
0.4066400000000012
0.4066400000000012
0.4066400000000012
0.4066400000000012
0.4066400000000012
0.4066400000000012
0.4066400000000012
0.4066400000000012
0.4066400000000012
0.4066400000000012
0.4066400000000012
0.4066400000000012
0.4066400000000012
0.4066400000000012
0.4066400000000012
0.4066400000000012
0.4066400000000012
0.406640000000003
0.406640000000003
0.406640000000003
0.406640000000003
0.406640000000003
0.406640000000003
0.406640000000003
0.406640000000003
0.406640000000003
0.406640000000003
0.406640000000003
0.406640000000003
0.406640000000003
0.406640000000003
0.406640000000003
0.4177919999999986
0.4177919999999986
0.4177919999999986
0.4177919999999986
0.4177919999999986
0.4177919999999986
0.4177919999999986
0.4177919999999986
0.4177919999999986
0.4177919999999986
0.4177919999999986
0.4177919999999986
0.4177919999999986
0.4177919999999986
0.4177919999999986
0.4177919999999986
0.4177919999999986
0.4177919999999986
0.4177919999999986
0.4177919999999986
0.4177919999999986
0.4177919999999986
0.4177919999999986
0.4177919999999986
0.4177919999999986
0.4177919999999986
0.4177919999999986
0.4177919999999995
0.4177919999999995
0.4177919999999995
0.4177919999999995
0.4177919999999995
0.4177920000000004
0.4177920000000004
0.4177920000000004
0.4177920000000004
0.4177920000000004
0.4177920000000004
0.4177920000000004
0.4177920000000004
0.4177920000000004
0.4177920000000004
0.4177920000000004
0.4177920000000004
0.4177920000000004
0.4177920000000004
0.4177920000000004
0.4177920000000004
0.4177920000000004
0.4177920000000004
0.4177920000000004
0.4177920000000004
0.4177920000000004
0.4177920000000004
0.41779200000000216
0.41779200000000216
0.41779200000000216
0.41779200000000216
0.41779200000000216
0.41779200000000216
0.41779200000000216
0.41779200000000216
0.41779200000000216
0.41779200000000216
0.41779200000000216
0.41779200000000216
0.41779200000000216
0.41779200000000216
0.41779200000000216
0.4263919999999999
0.4263919999999999
0.4263919999999999
0.4263919999999999
0.4263919999999999
0.4263919999999999
0.4263919999999999
0.4263919999999999
0.4263919999999999
0.4263919999999999
0.4263919999999999
0.4263919999999999
0.4263919999999999
0.4263919999999999
0.4263919999999999
0.4263919999999999
0.4263919999999999
0.4263919999999999
0.4263919999999999
0.4263919999999999
0.4263919999999999
0.4263919999999999
0.4263919999999999
0.4263919999999999
0.4263919999999999
0.4263919999999999
0.4263919999999999
0.4263919999999999
0.43552000000000035
0.4466399999999986
0.4466399999999986
0.4466399999999986
0.4466399999999986
0.4466399999999986
0.4466399999999986
0.4466399999999986
0.4466399999999986
0.4466399999999986
0.4466399999999986
0.4466399999999986
0.4466399999999986
0.4466399999999986
0.4466399999999986
0.4466399999999986
0.4466399999999986
0.4466399999999986
0.4466399999999986
0.4466399999999986
0.44664000000000037
0.44664000000000037
0.44664000000000037
0.44664000000000037
0.44664000000000037
0.44664000000000037
0.44664000000000037
0.44664000000000037
0.44664000000000037
0.44664000000000037
0.44664000000000037
0.44664000000000037
0.44664000000000037
0.44664000000000037
0.44664000000000037
0.44664000000000037
0.44664000000000037
0.44664000000000037
0.44664000000000215
0.44664000000000215
0.44664000000000215
0.44664000000000215
0.44664000000000215
0.44664000000000215
0.44664000000000215
0.44664000000000215
0.44664000000000215
0.44664000000000215
0.4466879999999982
0.4466879999999982
0.4466879999999982
0.4466879999999982
0.4466879999999982
0.4466879999999982
0.4466879999999982
0.44668800000000175
0.44668800000000175
0.44668800000000175
0.44668800000000175
0.44668800000000175
0.44668800000000175
0.45663999999999927
0.45664000000000016
0.45664000000000016
0.45664000000000016
0.45664000000000016
0.45664000000000016
0.45664000000000016
0.45664000000000016
0.45664000000000016
0.45664000000000016
0.45664000000000016
0.45664000000000016
0.45664000000000016
0.45664000000000016
0.45664000000000016
0.45664000000000016
0.45664000000000016
0.45664000000000016
0.45664000000000016
0.45664000000000016
0.45664000000000016
0.45664000000000016
0.45664000000000016
0.45664000000000016
0.45664000000000105
0.45664000000000193
0.45668799999999976
0.45668799999999976
0.45668799999999976
0.45668799999999976
0.45668799999999976
0.45668799999999976
0.45668799999999976
0.4677919999999993
0.4677920000000011
0.46779200000000287
0.46779200000000287
0.46779200000000287
0.4697413329999982
0.4697413329999982
0.4697413329999982
0.4697413329999991
0.469741333
0.469741333
0.469741333
0.469741333
0.469741333
0.469741333
0.46974133300000176
0.46974133300000176
0.46974133300000176
0.4755199999999995
0.4755199999999995
0.4755199999999995
0.4755199999999995
0.4755199999999995
0.4755199999999995
0.4755199999999995
0.4755199999999995
0.4755199999999995
0.4755199999999995
0.4755199999999995
0.4755199999999995
0.4755199999999995
0.4755199999999995
0.4755199999999995
0.4755199999999995
0.4755199999999995
0.4755200000000013
0.4755200000000013
0.47552000000000305
0.47552000000000305
0.47552000000000305
0.4755839999999978
0.4755839999999978
0.47558400000000134
0.47558400000000134
0.47558400000000134
0.47558400000000134
0.4777919999999991
0.4777919999999991
0.477792
0.477792
0.477792
0.4777920000000009
0.4777920000000009
0.4777920000000009
0.4777920000000009
0.4777920000000009
0.4777920000000009
0.4777920000000009
0.4855200000000002
0.4966399999999993
0.4966879999999989
0.5066399999999991
0.50664
0.50664
0.5066400000000009
0.5066400000000009
0.5066400000000009
0.5066400000000009
0.5066400000000009
0.5066879999999969
0.5066880000000005
0.5066880000000005
0.5066880000000005
0.5066880000000005
0.5066880000000005
0.5177919999999965
0.517792
0.517792
0.517792
0.517792
0.517792
0.517792
0.517792
0.517792
0.517792
0.517792
0.517792
0.517792
0.517792
0.517792
0.517792
0.517792
0.517792
0.517792
0.517792
0.517792
0.517792
0.517792
0.517792
0.517792
0.517792
0.517792
0.517792
0.517792
0.517792
0.517792
0.517792
0.517792
0.517792
0.517792
0.517792
0.517792
0.517792
0.517792
0.517792
0.517792
0.517792
0.517792
0.517792
0.517792
0.517792
0.517792
0.517792
0.517792
0.517792
0.517792
0.517792
0.517792
0.517792
0.517792
0.517792
0.517792
0.517792
0.517792
0.517792
0.517792
0.517792
0.517792
0.517792
0.517792
0.517792
0.517792
0.517792
0.517792
0.517792
0.517792
0.517792
0.517792
0.517792
0.517792
0.517792
0.517792
0.517792
0.517792
0.517792
0.517792
0.517792
0.517792
0.517792
0.517792
0.517792
0.517792
0.517792
0.517792
0.517792
0.517792
0.517792
0.517792
0.517792
0.517792
0.517792
0.517792
0.517792
0.517792
0.517792
0.517792
0.517792
0.517792
0.517792
0.5177920000000009
0.5177920000000009
0.5255200000000002
0.5263919979999994
0.5263919980000002
0.5263919980000002
0.527791999999998
0.527791999999998
0.527791999999998
0.527791999999998
0.527791999999998
0.527791999999998
0.527791999999998
0.527791999999998
0.527791999999998
0.527791999999998
0.527791999999998
0.527791999999998
0.527791999999998
0.527791999999998
0.527791999999998
0.527791999999998
0.527791999999998
0.527791999999998
0.527791999999998
0.527791999999998
0.527791999999998
0.527791999999998
0.527791999999998
0.527791999999998
0.527791999999998
0.527791999999998
0.527791999999998
0.527791999999998
0.527791999999998
0.527791999999998
0.527791999999998
0.527791999999998
0.527791999999998
0.527791999999998
0.527791999999998
0.527791999999998
0.527791999999998
0.527791999999998
0.527791999999998
0.527791999999998
0.527791999999998
0.527791999999998
0.527791999999998
0.527791999999998
0.527791999999998
0.527791999999998
0.527791999999998
0.527791999999998
0.527791999999998
0.527791999999998
0.527791999999998
0.527791999999998
0.527791999999998
0.527791999999998
0.527791999999998
0.527791999999998
0.527791999999998
0.527791999999998
0.527791999999998
0.527791999999998
0.527791999999998
0.527791999999998
0.527791999999998
0.527791999999998
0.527791999999998
0.527791999999998
0.527791999999998
0.527791999999998
0.527791999999998
0.527791999999998
0.527791999999998
0.527791999999998
0.527791999999998
0.527791999999998
0.527791999999998
0.527791999999998
0.527791999999998
0.527791999999998
0.527791999999998
0.527791999999998
0.527791999999998
0.527791999999998
0.527791999999998
0.527791999999998
0.527791999999998
0.527791999999998
0.527791999999998
0.527791999999998
0.527791999999998
0.527791999999998
0.527791999999998
0.527791999999998
0.527791999999998
0.527791999999998
0.527791999999998
0.527791999999998
0.527791999999998
0.527791999999998
0.527791999999998
0.527791999999998
0.527791999999998
0.527791999999998
0.527791999999998
0.527791999999998
0.527791999999998
0.527791999999998
0.527791999999998
0.527791999999998
0.527791999999998
0.5277919999999989
0.5277919999999998
0.5277919999999998
0.5277919999999998
0.5277919999999998
0.5277919999999998
0.5277919999999998
0.5277919999999998
0.5277919999999998
0.5277919999999998
0.5277919999999998
0.5277919999999998
0.5277919999999998
0.5277919999999998
0.5277919999999998
0.5277919999999998
0.5277919999999998
0.5277919999999998
0.5277919999999998
0.5277919999999998
0.5277919999999998
0.5277919999999998
0.5277919999999998
0.5277919999999998
0.5277919999999998
0.5277919999999998
0.5277919999999998
0.5277919999999998
0.5277919999999998
0.5277919999999998
0.5277919999999998
0.5277919999999998
0.5277919999999998
0.5277919999999998
0.5277919999999998
0.5277919999999998
0.5277919999999998
0.5277919999999998
0.5277919999999998
0.5277919999999998
0.5277919999999998
0.5277919999999998
0.5277919999999998
0.5277919999999998
0.5277919999999998
0.5277919999999998
0.5277919999999998
0.5277919999999998
0.5277919999999998
0.5277919999999998
0.5277919999999998
0.5277919999999998
0.5277919999999998
0.5277919999999998
0.5277919999999998
0.5277919999999998
0.5277919999999998
0.5277919999999998
0.5277919999999998
0.5277919999999998
0.5277919999999998
0.5277919999999998
0.5277919999999998
0.5277919999999998
0.5277919999999998
0.5277919999999998
0.5277919999999998
0.5277919999999998
0.5277919999999998
0.5277919999999998
0.5277919999999998
0.5277919999999998
0.5277919999999998
0.5277919999999998
0.5277919999999998
0.5277919999999998
0.5277919999999998
0.5277919999999998
0.5277919999999998
0.5277919999999998
0.5277919999999998
0.5277919999999998
0.5277919999999998
0.5277919999999998
0.5277919999999998
0.5277919999999998
0.5277919999999998
0.5277919999999998
0.5277919999999998
0.5277919999999998
0.5277919999999998
0.5277919999999998
0.5277919999999998
0.5277919999999998
0.5277919999999998
0.5277919999999998
0.5277919999999998
0.5277919999999998
0.5277919999999998
0.5277919999999998
0.5277919999999998
0.5277919999999998
0.5277919999999998
0.5277919999999998
0.5277919999999998
0.5277919999999998
0.5277919999999998
0.5277919999999998
0.5277919999999998
0.5277919999999998
0.5277919999999998
0.5277919999999998
0.5277919999999998
0.5277919999999998
0.5277919999999998
0.5277919999999998
0.5277919999999998
0.5277919999999998
0.5277919999999998
0.5277919999999998
0.5277919999999998
0.5277919999999998
0.5277919999999998
0.5277919999999998
0.5277919999999998
0.5277919999999998
0.5277919999999998
0.5277919999999998
0.5277920000000007
0.5277920000000007
0.5277920000000007
0.5277920000000007
0.5277920000000007
0.5277920000000007
0.5277920000000007
0.5277920000000016
0.5277920000000016
0.5277920000000016
0.5277920000000016
0.5277920000000016
0.5277920000000016
0.5277920000000016
0.5277920000000016
0.5277920000000016
0.5277920000000016
0.5277920000000016
0.5277920000000016
0.5277920000000016
0.5277920000000016
0.5277920000000016
0.5277920000000016
0.5277920000000016
0.5277920000000016
0.5277920000000016
0.5277920000000016
0.5277920000000016
0.5277920000000016
0.5277920000000016
0.5277920000000016
0.5277920000000016
0.5277920000000016
0.5277920000000016
0.5277920000000016
0.5277920000000016
0.5277920000000016
0.5277920000000016
0.5277920000000016
0.5277920000000016
0.5277920000000016
0.5277920000000016
0.5277920000000016
0.5277920000000016
0.5277920000000016
0.5277920000000016
0.5277920000000016
0.5277920000000016
0.5277920000000016
0.5277920000000016
0.5277920000000016
0.5277920000000016
0.5277920000000016
0.5277920000000016
0.5277920000000016
0.5277920000000016
0.5277920000000016
0.5277920000000016
0.5277920000000016
0.5277920000000016
0.5277920000000016
0.5277920000000016
0.5277920000000016
0.5277920000000016
0.5277920000000016
0.5277920000000016
0.5277920000000016
0.5277920000000016
0.5277920000000016
0.5277920000000016
0.5277920000000016
0.5277920000000016
0.5277920000000016
0.5277920000000016
0.5277920000000016
0.5277920000000016
0.5277920000000016
0.5277920000000016
0.5277920000000016
0.5277920000000016
0.5277920000000016
0.5277920000000016
0.5277920000000016
0.5277920000000016
0.5277920000000016
0.5277920000000016
0.5277920000000016
0.5277920000000016
0.5277920000000016
0.5277920000000016
0.5277920000000016
0.5277920000000016
0.5277920000000016
0.5277920000000016
0.5277920000000016
0.5277920000000016
0.5277920000000016
0.5277920000000016
0.5277920000000016
0.5277920000000016
0.5277920000000016
0.5277920000000016
0.5277920000000016
0.5277920000000016
0.5277920000000016
0.5277920000000016
0.5277920000000016
0.5277920000000016
0.5277920000000016
0.5277920000000016
0.5277920000000016
0.5277920000000016
0.5277920000000016
0.5277920000000016
0.5277920000000016
0.5277920000000016
0.5277920000000016
0.5277920000000016
0.5277920000000016
0.5277920000000016
0.5277920000000016
0.5277920000000016
0.5277920000000016
0.5277920000000016
0.5277920000000016
0.5277920000000016
0.5277920000000016
0.5277920000000016
0.5277920000000016
0.5277920000000016
0.5277920000000016
0.5277920000000016
0.5277920000000016
0.5277920000000016
0.5277920000000016
0.5277920000000016
0.5277920000000016
0.5277920000000016
0.5277920000000016
0.5277920000000016
0.5277920000000016
0.5277920000000016
0.5277920000000016
0.5277920000000016
0.5277920000000016
0.5277920000000016
0.5277920000000016
0.5277920000000016
0.5277920000000016
0.5277920000000016
0.5277920000000016
0.5277920000000016
0.5277920000000016
0.5277920000000016
0.5277920000000016
0.5277920000000016
0.5277920000000016
0.5277920000000016
0.5277920000000016
0.5277920000000016
0.5277920000000016
0.5277920000000016
0.5277920000000016
0.5277920000000016
0.5277920000000016
0.53552
0.53552
0.5355200000000009
0.5466399999999982
0.5466399999999991
0.5466399999999991
0.54664
0.54664
0.54664
0.54664
0.54664
0.54664
0.54664
0.54664
0.54664
0.54664
0.54664
0.54664
0.54664
0.54664
0.54664
0.54664
0.54664
0.54664
0.54664
0.54664
0.54664
0.54664
0.54664
0.54664
0.54664
0.54664
0.54664
0.54664
0.54664
0.54664
0.54664
0.54664
0.54664
0.54664
0.54664
0.54664
0.54664
0.54664
0.54664
0.54664
0.54664
0.54664
0.54664
0.54664
0.54664
0.54664
0.54664
0.54664
0.54664
0.54664
0.54664
0.54664
0.54664
0.54664
0.54664
0.54664
0.54664
0.54664
0.54664
0.54664
0.54664
0.54664
0.54664
0.54664
0.54664
0.54664
0.54664
0.54664
0.54664
0.54664
0.54664
0.54664
0.54664
0.54664
0.54664
0.54664
0.54664
0.54664
0.54664
0.54664
0.54664
0.54664
0.54664
0.54664
0.54664
0.54664
0.54664
0.54664
0.54664
0.54664
0.54664
0.54664
0.54664
0.54664
0.54664
0.54664
0.54664
0.54664
0.54664
0.54664
0.54664
0.54664
0.54664
0.54664
0.54664
0.54664
0.54664
0.54664
0.54664
0.54664
0.54664
0.54664
0.54664
0.54664
0.54664
0.54664
0.54664
0.54664
0.54664
0.54664
0.54664
0.54664
0.54664
0.54664
0.54664
0.54664
0.54664
0.54664
0.54664
0.54664
0.54664
0.54664
0.54664
0.54664
0.54664
0.54664
0.54664
0.54664
0.54664
0.54664
0.54664
0.54664
0.54664
0.54664
0.54664
0.54664
0.54664
0.54664
0.54664
0.54664
0.54664
0.54664
0.54664
0.54664
0.54664
0.54664
0.54664
0.54664
0.54664
0.54664
0.54664
0.54664
0.54664
0.54664
0.54664
0.54664
0.54664
0.54664
0.54664
0.54664
0.54664
0.54664
0.54664
0.54664
0.54664
0.54664
0.54664
0.54664
0.54664
0.54664
0.54664
0.54664
0.54664
0.54664
0.54664
0.54664
0.54664
0.54664
0.54664
0.54664
0.54664
0.54664
0.54664
0.54664
0.54664
0.54664
0.54664
0.54664
0.54664
0.54664
0.54664
0.54664
0.54664
0.54664
0.54664
0.54664
0.54664
0.5466400000000009
0.5466400000000018
0.5466879999999996
0.5466879999999996
0.5466879999999996
0.5466879999999996
0.5466879999999996
0.5466879999999996
0.5466879999999996
0.5466879999999996
0.5466879999999996
0.5466879999999996
0.5466879999999996
0.5466879999999996
0.5466879999999996
0.5466879999999996
0.5466879999999996
0.5466879999999996
0.5466879999999996
0.5466879999999996
0.5466879999999996
0.5466879999999996
0.5466879999999996
0.5466879999999996
0.5466879999999996
0.5466879999999996
0.5466879999999996
0.5466879999999996
0.5466879999999996
0.5466879999999996
0.5466879999999996
0.5466879999999996
0.5466879999999996
0.5466879999999996
0.5466879999999996
0.5466879999999996
0.5466879999999996
0.5466879999999996
0.5466879999999996
0.5466879999999996
0.5466879999999996
0.5466879999999996
0.5466879999999996
0.5466879999999996
0.5466879999999996
0.5466879999999996
0.5466879999999996
0.5466879999999996
0.5466879999999996
0.5466879999999996
0.5466879999999996
0.5466879999999996
0.5466879999999996
0.5466879999999996
0.5466879999999996
0.5466879999999996
0.5466879999999996
0.5466879999999996
0.5466879999999996
0.5466879999999996
0.5466879999999996
0.5466879999999996
0.5466879999999996
0.5466879999999996
0.5466879999999996
0.5466879999999996
0.5466879999999996
0.5466879999999996
0.5466879999999996
0.5466879999999996
0.5466879999999996
0.5466879999999996
0.5466879999999996
0.5466879999999996
0.5466879999999996
0.5466880000000032
0.5466880000000032
0.5466880000000032
0.5466880000000032
0.5466880000000032
0.5466880000000032
0.5466880000000032
0.5466880000000032
0.5466880000000032
0.5466880000000032
0.5466880000000032
0.5466880000000032
0.5466880000000032
0.5466880000000032
0.5466880000000032
0.5485813329999996
0.5486373329999985
0.5508346640000035
0.5566399999999998
0.5566399999999998
0.5566399999999998
0.5566399999999998
0.5566399999999998
0.5566399999999998
0.5566399999999998
0.5566399999999998
0.5566399999999998
0.5566400000000007
0.5566400000000016
0.5566400000000016
0.5566879999999976
0.5566880000000012
0.5566880000000012
0.5566880000000012
0.5566880000000012
0.5566880000000012
0.5566880000000012
0.5566880000000012
0.5566880000000012
0.5566880000000012
0.5566880000000012
0.5566880000000012
0.5566880000000012
0.5566880000000012
0.5566880000000012
0.5566880000000012
0.5566880000000012
0.5566880000000012
0.5566880000000012
0.5566880000000012
0.5566880000000012
0.5566880000000012
0.5618906639999999
0.5618906639999999
0.5618906639999999
0.5618906640000016
0.5619466640000006
0.5619466640000006
0.5677919999999972
0.5677919999999972
0.567791999999999
0.5677920000000007
0.5677920000000007
0.5677920000000007
0.5677920000000007
0.5677920000000007
0.5677920000000007
0.5677920000000007
0.5677920000000007
0.5677920000000007
0.5677920000000007
0.5677920000000007
0.5677920000000007
0.5677920000000007
0.5677920000000007
0.5677920000000007
0.5755199999999991
0.5755200000000009
0.5755200000000009
0.5755839999999992
0.5755839999999992
0.5755839999999992
0.5755839999999992
0.5755839999999992
0.5755840000000028
0.5755840000000028
0.5777919999999988
0.5777919999999988
0.5777920000000023
0.5777920000000023
0.5777920000000023
0.5855199999999989
0.5855199999999998
0.5855839999999972
0.5855840000000008
0.5855840000000008
0.5855840000000008
0.5866159999999994
0.5866159999999994
0.5866159999999994
0.5866160000000002
0.5866160000000002
0.5866160000000011
0.5866160000000011
0.5885493329999996
0.5885493329999996
0.5885493329999996
0.5885493329999996
0.5885493329999996
0.5885493329999996
0.5885493329999996
0.5885493330000013
0.5886053329999967
0.5886053329999967
0.5886053330000003
0.5886053330000003
0.5886053330000003
0.5886053330000003
0.5886053330000003
0.5886053330000003
0.5886053330000003
0.5886053330000003
0.5886053330000003
0.5886053330000003
0.5886053330000003
0.5886053330000003
0.5886053330000003
0.5886053330000003
0.5886053330000003
0.5886053330000003
0.5886053330000003
0.596639999999999
0.596639999999999
0.596639999999999
0.596639999999999
0.596639999999999
0.5966400000000007
0.5966400000000007
0.5966400000000007
0.5966400000000007
0.5966400000000007
0.5966400000000007
0.5966400000000007
0.5966400000000007
0.5966879999999968
0.5966879999999968
0.5966879999999968
0.5966879999999968
0.5966880000000003
0.5966880000000003
0.5966880000000003
0.5966880000000003
0.5966880000000003
0.5966880000000003
0.5966880000000003
0.5966880000000003
0.5966880000000003
0.5966880000000003
0.5966880000000003
0.5966880000000003
0.5966880000000003
0.5966880000000003
0.5966880000000003
0.5966880000000003
0.5972213310000001
0.5972213310000001
0.5972213310000001
0.6066399999999987
0.6066400000000005
0.6066400000000005
0.6066879999999983
0.6066880000000019
0.6066880000000019
0.6177759999999992
0.6177760000000001
0.6177760000000001
0.617776000000001
0.6255199999999999
0.6255839999999999
0.6255839999999999
0.6285653309999972
0.6285653310000008
0.6319706670000009
0.6319706670000009
0.6466159999999981
0.6466159999999999
0.6466159999999999
0.6466159999999999
0.6466159999999999
0.6466159999999999
0.6466159999999999
0.6466159999999999
0.6466159999999999
0.6466160000000016
0.6466639999999977
0.6466639999999977
0.6466639999999977
0.6466639999999977
0.6466639999999977
0.6466639999999977
0.6466640000000012
0.6466640000000012
0.6466640000000012
0.6466640000000012
0.6466640000000012
0.6466640000000012
0.6466640000000012
0.6466640000000012
0.6466640000000012
0.6466640000000012
0.6466640000000012
0.6466640000000012
0.6466640000000012
0.6552159989999993
0.6552159989999993
0.6866159999999972
0.6866159999999972
0.6866159999999972
0.6866159999999972
0.6866159999999972
0.6866159999999972
0.6866159999999972
0.6866159999999972
0.686615999999999
0.686615999999999
0.686615999999999
0.686615999999999
0.686615999999999
0.686615999999999
0.686615999999999
0.686615999999999
0.6866159999999999
0.6866159999999999
0.6866159999999999
0.6866159999999999
0.6866160000000008
0.6866160000000008
0.6866160000000008
0.6866160000000008
0.6866160000000008
0.6866160000000008
0.6866160000000008
0.6866160000000008
0.6866160000000008
0.6866160000000008
0.6866160000000008
0.6866160000000008
0.6866160000000008
0.6866160000000008
0.6866160000000008
0.6866160000000008
0.6866160000000008
0.6866160000000008
0.6866160000000008
0.6866160000000008
0.6866160000000008
0.6866160000000008
0.6866160000000008
0.6866160000000008
0.6866160000000008
0.6866160000000008
0.6866160000000008
0.6866160000000008
0.6866160000000008
0.6866160000000008
0.6866160000000008
0.6866160000000008
0.6866160000000008
0.6866160000000008
0.6866160000000008
0.6866160000000008
0.6866160000000008
0.6866160000000008
0.6866160000000008
0.6866160000000008
0.6866160000000008
0.6866160000000008
0.6866160000000008
0.7177759999999971
0.7177759999999971
0.7177759999999971
0.7177759999999971
0.7177759999999971
0.7177759999999971
0.7177759999999971
0.7177759999999971
0.7177759999999989
0.7177759999999989
0.7177759999999989
0.7177759999999989
0.7177759999999989
0.7177759999999989
0.7177759999999989
0.7177759999999989
0.7177759999999989
0.7177759999999997
0.7177759999999997
0.7177759999999997
0.7177759999999997
0.7177760000000006
0.7177760000000006
0.7177760000000006
0.7177760000000006
0.7177760000000006
0.7177760000000006
0.7177760000000006
0.7177760000000006
0.7177760000000006
0.7177760000000006
0.7177760000000006
0.7177760000000006
0.7177760000000006
0.7177760000000006
0.7177760000000006
0.7177760000000006
0.7177760000000006
0.7177760000000006
0.7177760000000006
0.7177760000000006
0.7177760000000006
0.7177760000000006
0.7177760000000006
0.7177760000000006
0.7177760000000006
0.7177760000000006
0.7177760000000006
0.7177760000000006
0.7177760000000006
0.7177760000000006
0.7177760000000006
0.7177760000000006
0.7177760000000006
0.7177760000000006
0.7177760000000006
0.7177760000000006
0.7177760000000006
0.7177760000000006
0.7177760000000006
0.7177760000000006
0.7177760000000006
0.7177760000000006
0.7177760000000006
0.7177760000000006
0.7177760000000006
0.7197173329999993
0.7197173330000002
0.7197173330000002
0.7277759999999986
0.7277759999999986
0.7277759999999986
0.7277759999999995
0.7277759999999995
0.7277759999999995
0.7277759999999995
0.7277760000000004
0.7277760000000004
0.7277760000000004
0.7277760000000004
0.7277760000000004
0.7485493329999997
0.7566160000000002
0.7566160000000011
0.7677759999999996
0.7677759999999996
0.7677759999999996
0.7677759999999996
0.7677759999999996
0.7677759999999996
0.7677759999999996
0.7677759999999996
0.7677759999999996
0.7677759999999996
0.7677759999999996
0.7677759999999996
0.7677759999999996
0.7677759999999996
0.7677759999999996
0.7677759999999996
0.7677759999999996
0.7677759999999996
0.7677759999999996
0.7677760000000005
0.7677760000000005
0.7677760000000005
0.7677760000000005
0.7677760000000005
0.7677760000000005
0.7677760000000005
0.7677760000000013
0.7677760000000013
0.769717333
0.769717333
0.7777759999999994
0.7777759999999994
0.7777759999999994
0.7777759999999994
0.7777759999999994
0.7777759999999994
0.7777759999999994
0.7777759999999994
0.7777759999999994
0.7777759999999994
0.7777759999999994
0.7777759999999994
0.7777759999999994
0.7777759999999994
0.7777759999999994
0.7777759999999994
0.7777759999999994
0.7777759999999994
0.7777759999999994
0.7777759999999994
0.7777759999999994
0.7777759999999994
0.7777759999999994
0.7777759999999994
0.7777759999999994
0.7777759999999994
0.7777759999999994
0.7777759999999994
0.7777759999999994
0.7777759999999994
0.7777759999999994
0.7777759999999994
0.7777759999999994
0.7777759999999994
0.7777759999999994
0.7777759999999994
0.7777759999999994
0.7777759999999994
0.7777759999999994
0.7777759999999994
0.7777759999999994
0.7777759999999994
0.7777759999999994
0.7777759999999994
0.7777759999999994
0.7777759999999994
0.7777759999999994
0.7777759999999994
0.7777759999999994
0.7777759999999994
0.7777759999999994
0.7777759999999994
0.7777759999999994
0.7777759999999994
0.7777759999999994
0.7777759999999994
0.7777759999999994
0.7777759999999994
0.7777759999999994
0.7777759999999994
0.7777759999999994
0.7777759999999994
0.7777759999999994
0.7777759999999994
0.7777759999999994
0.7777759999999994
0.7777759999999994
0.7777759999999994
0.7777759999999994
0.7777759999999994
0.7777759999999994
0.7777759999999994
0.7777759999999994
0.7777759999999994
0.7777759999999994
0.7777759999999994
0.7777759999999994
0.7777759999999994
0.7777759999999994
0.7777759999999994
0.7777759999999994
0.7777759999999994
0.7777759999999994
0.7777759999999994
0.7777759999999994
0.7777759999999994
0.7777759999999994
0.7777759999999994
0.7777759999999994
0.7777759999999994
0.7777759999999994
0.7777759999999994
0.7777759999999994
0.7777759999999994
0.7777759999999994
0.7777759999999994
0.7777759999999994
0.7777759999999994
0.7777759999999994
0.7777759999999994
0.7777759999999994
0.7777759999999994
0.7777759999999994
0.7777759999999994
0.7777759999999994
0.7777759999999994
0.7777759999999994
0.7777759999999994
0.7777759999999994
0.7777759999999994
0.7777759999999994
0.7777759999999994
0.7777759999999994
0.7777759999999994
0.7777759999999994
0.7777759999999994
0.7777759999999994
0.7777759999999994
0.7777759999999994
0.7777759999999994
0.7777759999999994
0.7777759999999994
0.7777759999999994
0.7777759999999994
0.7777759999999994
0.7777759999999994
0.7777759999999994
0.7777759999999994
0.7777759999999994
0.7777759999999994
0.7777759999999994
0.7777759999999994
0.7777759999999994
0.7777759999999994
0.7777759999999994
0.7777759999999994
0.7777759999999994
0.7777759999999994
0.7777759999999994
0.7777759999999994
0.7777759999999994
0.7777759999999994
0.7777759999999994
0.7777759999999994
0.7777759999999994
0.7777759999999994
0.7777759999999994
0.7777759999999994
0.7777759999999994
0.7777759999999994
0.7777759999999994
0.7777759999999994
0.7777759999999994
0.7777759999999994
0.7777759999999994
0.7777759999999994
0.7777759999999994
0.7777759999999994
0.7777759999999994
0.7777759999999994
0.7777759999999994
0.7777759999999994
0.7777759999999994
0.7777759999999994
0.7777759999999994
0.7777759999999994
0.7777759999999994
0.7777759999999994
0.7777759999999994
0.7777759999999994
0.7777759999999994
0.7777759999999994
0.7777759999999994
0.7777759999999994
0.7777759999999994
0.7777759999999994
0.7777759999999994
0.7777759999999994
0.7777759999999994
0.7777759999999994
0.7777759999999994
0.7777759999999994
0.7777759999999994
0.7777759999999994
0.7777759999999994
0.7777759999999994
0.7777759999999994
0.7777759999999994
0.7777759999999994
0.7777759999999994
0.7777759999999994
0.7777759999999994
0.7777759999999994
0.7777759999999994
0.7777759999999994
0.7777759999999994
0.7777759999999994
0.7777759999999994
0.7777759999999994
0.7777759999999994
0.7777759999999994
0.7777759999999994
0.7777759999999994
0.7777759999999994
0.7777759999999994
0.7777759999999994
0.7777760000000002
0.7777760000000002
0.7777760000000002
0.7777760000000002
0.7777760000000002
0.7777760000000002
0.7777760000000002
0.7777760000000002
0.7777760000000002
0.7777760000000002
0.7777760000000002
0.7777760000000002
0.7777760000000002
0.7777760000000011
0.7777760000000011
0.7777760000000011
0.7777760000000011
0.7777760000000011
0.7777760000000011
0.7777760000000011
0.7777760000000011
0.7777760000000011
0.7777760000000011
0.7777760000000011
0.7777760000000011
0.7777760000000011
0.7777760000000011
0.7777760000000011
0.7777760000000011
0.7777760000000011
0.7777760000000011
0.7777760000000011
0.7777760000000011
0.7777760000000011
0.7777760000000011
0.7777760000000011
0.7777760000000011
0.7777760000000011
0.7777760000000011
0.7777760000000011
0.7777760000000011
0.7777760000000011
0.7777760000000011
0.7777760000000011
0.7777760000000011
0.7777760000000029
0.7777760000000029
0.7777760000000029
0.7777760000000029
0.7777760000000029
0.7777760000000029
0.7777760000000029
0.7777760000000029
0.7777760000000029
0.7777760000000029
0.7777760000000029
0.7777760000000029
0.7777760000000029
0.7777760000000029
0.7777760000000029
0.7777760000000029
0.7777760000000029
0.7777760000000029
0.7777760000000029
0.7777760000000029
0.7777760000000029
0.7777760000000029
0.7777760000000029
0.7777760000000029
0.7777760000000029
0.7777760000000029
0.7777760000000029
0.7777760000000029
0.7777760000000029
0.7777760000000029
0.7777760000000029
0.7777760000000029
0.7777760000000029
0.7777760000000029
0.7777760000000029
0.7777760000000029
0.785488
0.7866159999999986
0.7866159999999986
0.7866159999999986
0.7866159999999986
0.7866159999999986
0.7866159999999986
0.7866159999999986
0.7866159999999986
0.7866159999999986
0.7866159999999986
0.7866159999999986
0.7866159999999986
0.7866159999999986
0.7866159999999986
0.7866159999999986
0.7866159999999986
0.7866159999999986
0.7866159999999986
0.7866159999999986
0.7866159999999986
0.7866159999999986
0.7866159999999986
0.7866159999999986
0.7866159999999986
0.7866159999999986
0.7866159999999986
0.7866159999999986
0.7866159999999986
0.7866159999999986
0.7866159999999986
0.7866159999999995
0.7866159999999995
0.7866160000000004
0.7866160000000004
0.7866160000000004
0.7866160000000004
0.7866160000000004
0.7866160000000004
0.7866160000000004
0.7866160000000004
0.7866160000000004
0.7866160000000004
0.7866160000000004
0.7866160000000004
0.7866160000000004
0.7866160000000004
0.7866160000000004
0.7866160000000004
0.7866160000000004
0.7866160000000004
0.7866160000000004
0.7866160000000004
0.7866160000000004
0.7866160000000004
0.7866160000000004
0.7866160000000004
0.7866160000000004
0.7866160000000004
0.7866160000000004
0.7866160000000022
0.7866160000000022
0.7866160000000022
0.7866160000000022
0.7866160000000022
0.7866160000000022
0.7866160000000022
0.7866160000000022
0.7866160000000022
0.7866160000000022
0.7866160000000022
0.7866160000000022
0.7866160000000022
0.7866639999999983
0.7866639999999983
0.7866639999999983
0.7866639999999983
0.7866639999999983
0.7866639999999983
0.7866639999999983
0.7866639999999983
0.7866639999999983
0.7866639999999983
0.7866639999999983
0.7866640000000018
0.7866640000000018
0.7866640000000018
0.7866640000000018
0.7866640000000018
0.7866640000000018
0.7866640000000018
0.7866640000000018
0.7866640000000018
0.7866640000000018
0.7866640000000018
0.7966159999999967
0.7966159999999984
0.7966159999999984
0.7966159999999984
0.7966159999999984
0.7966159999999984
0.7966159999999984
0.7966159999999984
0.7966159999999984
0.7966159999999984
0.7966159999999993
0.7966159999999993
0.7966159999999993
0.7966160000000002
0.7966160000000002
0.7966160000000002
0.7966160000000002
0.7966160000000002
0.7966160000000002
0.7966160000000002
0.7966160000000002
0.7966160000000002
0.7966160000000002
0.7966160000000002
0.7966160000000002
0.7966160000000002
0.7966160000000002
0.7966160000000002
0.7966160000000002
0.7966160000000002
0.7966160000000002
0.7966160000000002
0.7966160000000002
0.7966160000000002
0.7966160000000002
0.7966160000000002
0.7966160000000002
0.7966160000000002
0.7966160000000002
0.7966160000000002
0.7966160000000002
0.7966160000000002
0.7966160000000002
0.7966160000000002
0.7966160000000002
0.7966160000000002
0.7966160000000002
0.7966160000000002
0.7966160000000002
0.7966160000000002
0.7966160000000002
0.7966160000000002
0.7966160000000002
0.7966160000000002
0.7966160000000002
0.7966160000000002
0.7966160000000002
0.7966160000000002
0.7966160000000002
0.7966160000000002
0.7966160000000002
0.7966160000000002
0.7966160000000002
0.7966160000000002
0.7966160000000002
0.7966160000000002
0.7966160000000002
0.7966160000000002
0.7966160000000002
0.7966160000000002
0.7966160000000002
0.7966160000000002
0.7966160000000002
0.7966160000000002
0.7966160000000002
0.7966160000000002
0.7966160000000002
0.7966160000000002
0.7966160000000002
0.7966160000000002
0.7966160000000002
0.7966160000000002
0.7966160000000002
0.7966160000000002
0.7966160000000002
0.7966160000000002
0.7966160000000002
0.7966160000000002
0.7966160000000002
0.7966160000000002
0.7966160000000002
0.7966160000000002
0.7966160000000002
0.7966160000000002
0.796616000000002
0.796616000000002
0.7966639999999998
0.7966639999999998
0.7966639999999998
0.7966639999999998
0.7966639999999998
0.7966639999999998
0.7966639999999998
0.7966639999999998
0.7966639999999998
0.7966639999999998
0.7966639999999998
0.7966639999999998
0.7966639999999998
0.7966639999999998
0.7966639999999998
0.7966639999999998
0.7966639999999998
0.7966639999999998
0.7966639999999998
0.7966639999999998
0.7966639999999998
0.7966639999999998
0.7966639999999998
0.7966639999999998
0.7966639999999998
0.7966639999999998
0.7966639999999998
0.7966639999999998
0.7966639999999998
0.7966639999999998
0.7966639999999998
0.7966639999999998
0.7966639999999998
0.7966639999999998
0.7966639999999998
0.7966639999999998
0.7966639999999998
0.7966639999999998
0.7966639999999998
0.7966639999999998
0.7966639999999998
0.7966639999999998
0.7966639999999998
0.7966639999999998
0.7966639999999998
0.7966639999999998
0.7966639999999998
0.7966639999999998
0.7966639999999998
0.7966639999999998
0.7966639999999998
0.7966639999999998
0.7966639999999998
0.7966639999999998
0.7966639999999998
0.7966639999999998
0.7966639999999998
0.7966639999999998
0.7966639999999998
0.7966639999999998
0.7966639999999998
0.7966639999999998
0.7966639999999998
0.7966639999999998
0.7966639999999998
0.7966639999999998
0.7966639999999998
0.7966639999999998
0.7966639999999998
0.7966639999999998
0.7966639999999998
0.7966639999999998
0.7966639999999998
0.7966639999999998
0.7966639999999998
0.7966639999999998
0.7966639999999998
0.7966639999999998
0.7966639999999998
0.7966639999999998
0.7966639999999998
0.7966639999999998
0.7966639999999998
0.7966639999999998
0.7966639999999998
0.7966639999999998
0.7966639999999998
0.7966639999999998
0.7966639999999998
0.7966639999999998
0.7966639999999998
0.7966639999999998
0.7966639999999998
0.7966639999999998
0.7966639999999998
0.7966639999999998
0.7966639999999998
0.7966639999999998
0.7966639999999998
0.7966639999999998
0.7966639999999998
0.7966639999999998
0.7966639999999998
0.7966639999999998
0.7966639999999998
0.7966639999999998
0.7966639999999998
0.7966639999999998
0.7966639999999998
0.7966639999999998
0.7966639999999998
0.7966639999999998
0.7966639999999998
0.7966639999999998
0.7966639999999998
0.7966639999999998
0.7966639999999998
0.7966639999999998
0.7966639999999998
0.7966639999999998
0.7966639999999998
0.7966639999999998
0.7966639999999998
0.7966639999999998
0.7966639999999998
0.7966639999999998
0.7966639999999998
0.7966639999999998
0.7966639999999998
0.7966639999999998
0.7966639999999998
0.7966639999999998
0.7966639999999998
0.7966639999999998
0.7966639999999998
0.7966639999999998
0.7966639999999998
0.7966639999999998
0.7966639999999998
0.7966639999999998
0.7966639999999998
0.7966639999999998
0.7966639999999998
0.7966639999999998
0.7966639999999998
0.7966639999999998
0.7966639999999998
0.7966640000000034
0.7966640000000034
0.7966640000000034
0.7966640000000034
0.7966640000000034
0.7971493339999984
0.7971493340000002
0.7971493340000002
0.7971493340000002
0.7971493340000002
0.7971493340000002
0.7971493340000002
0.7972133339999985
0.7972133339999985
0.7972133339999985
0.7972133339999985
0.7972133339999985
0.7972133339999985
0.7972133339999985
0.7972133339999985
0.7972133339999985
0.7972133339999985
0.7972133339999985
0.797213334000002
0.797213334000002
0.797213334000002
0.797213334000002
0.797213334000002
0.797213334000002
0.797213334000002
0.797213334000002
0.8038160010000013
0.8057493340000006
0.8066159999999991
0.806616
0.806616
0.806616
0.806616
0.806616
0.806616
0.806616
0.806616
0.806616
0.806616
0.806616
0.806616
0.806616
0.806616
0.806616
0.806616
0.806616
0.806616
0.8177759999999985
0.8177759999999985
0.8177759999999985
0.8177759999999985
0.8177759999999985
0.8177759999999985
0.8177759999999985
0.8177759999999985
0.8177759999999985
0.8177759999999985
0.8177759999999985
0.8177759999999985
0.8177759999999985
0.8177759999999985
0.8177759999999985
0.8177759999999985
0.8177759999999985
0.8177759999999985
0.8177759999999985
0.8177759999999985
0.8177759999999985
0.8177759999999985
0.8177759999999985
0.8177759999999985
0.8177759999999985
0.8177759999999985
0.8177759999999985
0.8177759999999985
0.8177759999999985
0.8177759999999985
0.8177759999999985
0.8177759999999985
0.8177759999999985
0.8177759999999985
0.8177759999999985
0.8177759999999985
0.8177759999999985
0.8177759999999985
0.8177759999999985
0.8177759999999985
0.8177759999999985
0.8177759999999985
0.8177759999999985
0.8177759999999985
0.8177759999999994
0.8177759999999994
0.8177759999999994
0.8177759999999994
0.8177760000000003
0.8177760000000003
0.8177760000000003
0.8177760000000003
0.8177760000000003
0.8177760000000003
0.8177760000000003
0.8177760000000003
0.8177760000000003
0.8177760000000003
0.8177760000000003
0.8177760000000003
0.8177760000000003
0.8177760000000003
0.8177760000000003
0.8177760000000003
0.8177760000000003
0.8177760000000003
0.8177760000000003
0.8177760000000003
0.8177760000000003
0.8177760000000003
0.8177760000000003
0.8177760000000003
0.8177760000000003
0.8177760000000003
0.8177760000000003
0.8177760000000003
0.8177760000000003
0.8177760000000003
0.8177760000000003
0.8177760000000003
0.8177760000000003
0.8177760000000003
0.8177760000000003
0.8177760000000003
0.8177760000000003
0.8177760000000003
0.8177760000000003
0.8177760000000003
0.8177760000000021
0.8177760000000021
0.8177760000000021
0.8177760000000021
0.8177760000000021
0.8177760000000021
0.8177760000000021
0.8177760000000021
0.8177760000000021
0.8177760000000021
0.8177760000000021
0.8177760000000021
0.8177760000000021
0.8177760000000021
0.8177760000000021
0.8177760000000021
0.8177760000000021
0.8177760000000021
0.8177760000000021
0.8177760000000021
0.8177760000000021
0.8177760000000021
0.8177760000000021
0.8177760000000021
0.8177760000000021
0.825488
0.825488
0.825488
0.8263839999999991
0.8263839999999991
0.8263839999999991
0.826384
0.826384
0.8263840000000009
0.8277759999999965
0.8277759999999983
0.8277759999999992
0.8277760000000001
0.8277760000000001
0.8277760000000001
0.8277760000000001
0.8277760000000001
0.8277760000000001
0.8277760000000001
0.8277760000000001
0.8277760000000001
0.8277760000000001
0.8277760000000001
0.8277760000000001
0.8277760000000001
0.8277760000000001
0.8277760000000001
0.8277760000000001
0.8277760000000001
0.8277760000000001
0.8277760000000001
0.8277760000000001
0.8277760000000001
0.8277760000000001
0.8277760000000001
0.8277760000000001
0.8277760000000001
0.8277760000000001
0.8277760000000001
0.8277760000000001
0.8277760000000001
0.8277760000000001
0.8277760000000001
0.8277760000000001
0.8277760000000001
0.8277760000000001
0.8277760000000001
0.8277760000000001
0.8277760000000001
0.8277760000000001
0.8277760000000001
0.8277760000000001
0.8277760000000001
0.8277760000000001
0.8277760000000001
0.8277760000000001
0.8277760000000001
0.8277760000000001
0.8277760000000001
0.8277760000000001
0.8277760000000001
0.8277760000000001
0.8277760000000001
0.8277760000000001
0.8277760000000001
0.8277760000000001
0.8349919999999997
0.8349920000000015
0.8349920000000015
0.8349920000000015
0.8354879999999998
0.8354879999999998
0.8354879999999998
0.8466159999999974
0.8466159999999974
0.8466159999999974
0.8466159999999991
0.8466159999999991
0.8466159999999991
0.8466159999999991
0.8466159999999991
0.8466159999999991
0.8466159999999991
0.8466159999999991
0.8466159999999991
0.8466159999999991
0.8466159999999991
0.8466159999999991
0.8466159999999991
0.8466159999999991
0.8466159999999991
0.8466159999999991
0.846616
0.846616
0.846616
0.846616
0.846616
0.846616
0.846616
0.846616
0.8466160000000009
0.8466160000000009
0.8466160000000009
0.8466160000000009
0.8466160000000009
0.8466160000000009
0.8466160000000009
0.8466160000000009
0.8466160000000009
0.8466160000000009
0.8466160000000009
0.8466160000000009
0.8466160000000009
0.8466160000000009
0.8466160000000009
0.8466160000000009
0.8466160000000009
0.8466160000000009
0.8466160000000009
0.8466160000000009
0.8466160000000009
0.846663999999997
0.8466640000000005
0.8466640000000005
0.8466640000000005
0.8466640000000005
0.8466640000000005
0.8466640000000005
0.8566159999999989
0.8566159999999989
0.8566159999999989
0.8566159999999989
0.8566159999999989
0.8566159999999989
0.8566159999999989
0.8566159999999989
0.8566159999999998
0.8566159999999998
0.8566159999999998
0.8566160000000007
0.8566160000000007
0.8566160000000007
0.8566160000000007
0.8566160000000007
0.8566160000000007
0.8566160000000007
0.8566160000000007
0.8566160000000007
0.8566160000000007
0.8566639999999985
0.8618826679999998
0.8638160010000009
0.8677759999999992
0.8677759999999992
0.8677759999999992
0.8677759999999992
0.8677759999999992
0.8677759999999992
0.8677759999999992
0.8677759999999992
0.8677759999999992
0.8677759999999992
0.8677759999999992
0.8677759999999992
0.8677759999999992
0.8677759999999992
0.8677759999999992
0.8677759999999992
0.8677759999999992
0.8677759999999992
0.8677759999999992
0.8677759999999992
0.8677759999999992
0.8677759999999992
0.8677759999999992
0.8677759999999992
0.8677759999999992
0.8677759999999992
0.8677759999999992
0.867776000000001
0.867776000000001
0.867776000000001
0.867776000000001
0.867776000000001
0.867776000000001
0.867776000000001
0.867776000000001
0.867776000000001
0.867776000000001
0.867776000000001
0.867776000000001
0.867776000000001
0.867776000000001
0.867776000000001
0.867776000000001
0.8754879999999998
0.8754879999999998
0.876383999999998
0.8763839999999998
0.8763839999999998
0.8763839999999998
0.8763839999999998
0.8763839999999998
0.8763839999999998
0.8763839999999998
0.8763839999999998
0.8763839999999998
0.8763839999999998
0.8763839999999998
0.8763840000000016
0.8777759999999972
0.8777759999999972
0.8777759999999972
0.8777759999999972
0.877775999999999
0.877775999999999
0.877775999999999
0.877775999999999
0.877775999999999
0.8777760000000008
0.8777760000000008
0.8777760000000008
0.8777760000000008
0.8777760000000008
0.8777760000000008
0.8777760000000008
0.8777760000000008
0.8777760000000008
0.8777760000000008
0.8777760000000008
0.8777760000000008
0.8777760000000008
0.8777760000000008
0.8777760000000008
0.8777760000000008
0.8777760000000008
0.8777760000000008
0.8777760000000008
0.8777760000000008
0.8777760000000008
0.8777760000000008
0.8777760000000008
0.8777760000000008
0.8777760000000008
0.8777760000000008
0.8777760000000008
0.8777760000000008
0.8777760000000008
0.8777760000000008
0.8777760000000008
0.8777760000000008
0.8777760000000008
0.8777760000000008
0.8849919999999987
0.8849920000000004
0.8849920000000004
0.8854879999999987
0.8854879999999987
0.8854880000000005
0.8854880000000005
0.8854880000000005
0.8854880000000005
0.8854880000000005
0.8854880000000005
0.8854880000000005
0.8866160000000001
0.8866160000000001
0.8866160000000001
0.8866639999999979
0.8866639999999997
0.8866639999999997
0.8866639999999997
0.8866639999999997
0.8866639999999997
0.8866639999999997
0.8866639999999997
0.8866639999999997
0.8866639999999997
0.8866639999999997
0.8866639999999997
0.8866639999999997
0.8866639999999997
0.8866639999999997
0.8866639999999997
0.8866639999999997
0.8866639999999997
0.8866640000000015
0.888629335000001
0.888629335000001
0.888629335000001
0.8966159999999999
0.8966159999999999
0.8966159999999999
0.8966159999999999
0.8966159999999999
0.8966639999999977
0.8966639999999995
0.8966639999999995
0.8966640000000012
0.8966640000000012
0.9027679999999982
0.9052319999999998
0.9066159999999996
0.9066159999999996
0.9066159999999996
0.9066159999999996
0.9066159999999996
0.9066159999999996
0.9066159999999996
0.9066159999999996
0.9066159999999996
0.9066159999999996
0.9066160000000014
0.9066160000000014
0.9066160000000014
0.9066160000000014
0.9066639999999992
0.9066639999999992
0.9066639999999992
0.9066639999999992
0.9066639999999992
0.9066639999999992
0.9066639999999992
0.9066639999999992
0.9066639999999992
0.9066639999999992
0.9066639999999992
0.906664000000001
0.906664000000001
0.9152720000000016
0.9177759999999981
0.9177759999999981
0.9177759999999981
0.9177759999999999
0.9177759999999999
0.9177759999999999
0.9177759999999999
0.9177759999999999
0.9177759999999999
0.9177759999999999
0.9177759999999999
0.9177759999999999
0.9177759999999999
0.9177759999999999
0.9177759999999999
0.9177759999999999
0.9177759999999999
0.9177759999999999
0.9177759999999999
0.9177759999999999
0.9177759999999999
0.9177759999999999
0.9177759999999999
0.9177759999999999
0.9177759999999999
0.9177759999999999
0.9177759999999999
0.9177759999999999
0.9177759999999999
0.9177759999999999
0.9177759999999999
0.9177759999999999
0.9177759999999999
0.9177759999999999
0.9177759999999999
0.9177759999999999
0.9177759999999999
0.9177759999999999
0.9177759999999999
0.9177759999999999
0.9177759999999999
0.9177759999999999
0.9177759999999999
0.9177759999999999
0.9177759999999999
0.9177759999999999
0.9177759999999999
0.9177759999999999
0.9177759999999999
0.9177759999999999
0.9177759999999999
0.9177759999999999
0.9177759999999999
0.9177759999999999
0.9177759999999999
0.9177759999999999
0.9177759999999999
0.9177759999999999
0.9177759999999999
0.9177759999999999
0.9177759999999999
0.9177759999999999
0.9177759999999999
0.9177759999999999
0.9177759999999999
0.9177759999999999
0.9177759999999999
0.9177759999999999
0.9177759999999999
0.9177759999999999
0.9177759999999999
0.9177759999999999
0.9177759999999999
0.9177759999999999
0.9177759999999999
0.9177759999999999
0.9177759999999999
0.9177759999999999
0.9177759999999999
0.9177759999999999
0.9177759999999999
0.9177759999999999
0.9177759999999999
0.9177759999999999
0.9177759999999999
0.9177759999999999
0.9177759999999999
0.9177759999999999
0.9177759999999999
0.9177759999999999
0.9177759999999999
0.9177759999999999
0.9177759999999999
0.9177759999999999
0.9177759999999999
0.9177759999999999
0.9177759999999999
0.9177759999999999
0.9177759999999999
0.9177759999999999
0.9177759999999999
0.9177759999999999
0.9177759999999999
0.9177759999999999
0.9177759999999999
0.9177759999999999
0.9177759999999999
0.9177759999999999
0.9177759999999999
0.9177760000000017
0.9197333350000001
0.9254879999999996
0.9255519999999997
0.9255519999999997
0.9255519999999997
0.9255519999999997
0.9255520000000015
0.9255520000000015
0.9263839999999988
0.9263839999999988
0.9263839999999988
0.9263839999999988
0.9263839999999988
0.9263839999999988
0.9263839999999988
0.9263839999999988
0.9263840000000005
0.9263840000000005
0.9263840000000023
0.9263840000000023
0.9263840000000023
0.9263840000000023
0.9263840000000023
0.9263840000000023
0.9263840000000023
0.9263840000000023
0.9277759999999979
0.9277759999999979
0.9277759999999979
0.9277759999999979
0.9277759999999979
0.9277759999999979
0.9277759999999979
0.9277759999999979
0.9277759999999979
0.9277759999999979
0.9277759999999979
0.9277759999999979
0.9277759999999979
0.9277759999999979
0.9277759999999979
0.9277759999999979
0.9277759999999979
0.9277759999999979
0.9277759999999979
0.9277759999999979
0.9277759999999979
0.9277759999999979
0.9277759999999979
0.9277759999999979
0.9277759999999997
0.9277759999999997
0.9277759999999997
0.9277759999999997
0.9277759999999997
0.9277759999999997
0.9277759999999997
0.9277760000000015
0.9277760000000015
0.9277760000000015
0.9277760000000015
0.9277760000000015
0.9277760000000015
0.9277760000000015
0.9277760000000015
0.9277760000000015
0.9277760000000015
0.9277760000000015
0.9277760000000015
0.9277760000000015
0.9277760000000015
0.9277760000000015
0.9277760000000015
0.9277760000000015
0.9277760000000015
0.9277760000000015
0.9277760000000015
0.9277760000000015
0.9277760000000015
0.9277760000000015
0.9277760000000015
0.9277760000000015
0.9277760000000015
0.9277760000000015
0.9277760000000015
0.9277760000000015
0.9277760000000015
0.9277760000000015
0.9277760000000015
0.9277760000000015
0.9277760000000015
0.9277760000000015
0.9277760000000015
0.9277760000000015
0.9277760000000015
0.9277760000000015
0.9277760000000015
0.9277760000000015
0.9277760000000015
0.9277760000000015
0.9277760000000015
0.9277760000000015
0.9277760000000015
0.9349919999999976
0.9349919999999976
0.9349920000000012
0.9349920000000012
0.9354879999999994
0.9354879999999994
0.9354879999999994
0.9354880000000012
0.9355519999999977
0.9355519999999977
0.9355519999999977
0.9355519999999977
0.9355519999999995
0.9355519999999995
0.9355519999999995
0.9355519999999995
0.9355519999999995
0.9355519999999995
0.9355520000000013
0.9355520000000013
0.9355520000000013
0.9355520000000013
0.9355520000000013
0.9355520000000013
0.9355520000000013
0.9466159999999988
0.9466160000000006
0.9466639999999984
0.9466639999999984
0.9466639999999984
0.9466639999999984
0.9466639999999984
0.9466639999999984
0.9466639999999984
0.9466639999999984
0.9466639999999984
0.9466639999999984
0.9466639999999984
0.9466639999999984
0.9466639999999984
0.9466639999999984
0.9466639999999984
0.9466639999999984
0.9466639999999984
0.9466639999999984
0.9466639999999984
0.9466639999999984
0.9466639999999984
0.9466639999999984
0.9466639999999984
0.9466639999999984
0.9466639999999984
0.9466640000000002
0.9466640000000002
0.9466640000000002
0.9466640000000002
0.9466640000000002
0.9466640000000002
0.9466640000000002
0.946664000000002
0.946664000000002
0.946664000000002
0.946664000000002
0.946664000000002
0.946664000000002
0.946664000000002
0.946664000000002
0.946664000000002
0.946664000000002
0.946664000000002
0.9536000000000016
0.9552720000000008
0.9552720000000008
0.9552720000000008
0.9552720000000008
0.9566639999999982
0.9566639999999982
0.956664
0.956664
0.956664
0.956664
0.956664
0.956664
0.956664
0.956664
0.956664
0.956664
0.956664
0.956664
0.956664
0.956664
0.956664
0.956664
0.956664
0.956664
0.956664
0.956664
0.956664
0.956664
0.956664
0.956664
0.956664
0.956664
0.956664
0.956664
0.956664
0.956664
0.956664
0.956664
0.956664
0.956664
0.956664
0.956664
0.956664
0.956664
0.956664
0.956664
0.956664
0.956664
0.956664
0.956664
0.956664
0.956664
0.956664
0.956664
0.956664
0.956664
0.956664
0.956664
0.956664
0.956664
0.956664
0.956664
0.956664
0.956664
0.956664
0.9652719999999988
0.9677759999999971
0.9677759999999971
0.9677759999999971
0.9677759999999971
0.9677759999999971
0.9677759999999971
0.9677759999999971
0.9677759999999971
0.9677759999999971
0.9677759999999971
0.9677759999999971
0.9677759999999971
0.9677759999999971
0.9677759999999971
0.9677759999999971
0.9677759999999971
0.9677759999999971
0.9677759999999971
0.9677759999999971
0.9677759999999971
0.9677759999999971
0.9677759999999971
0.9677759999999971
0.9677759999999971
0.9677759999999971
0.9677759999999971
0.9677759999999971
0.9677759999999971
0.9677759999999971
0.9677759999999971
0.9677759999999971
0.9677759999999971
0.9677759999999971
0.9677759999999971
0.9677759999999971
0.9677759999999971
0.9677759999999971
0.9677759999999989
0.9677759999999989
0.9677759999999989
0.9677759999999989
0.9677759999999989
0.9677759999999989
0.9677759999999989
0.9677759999999989
0.9677759999999989
0.9677759999999989
0.9677759999999989
0.9677759999999989
0.9677759999999989
0.9677759999999989
0.9677759999999989
0.9677759999999989
0.9677759999999989
0.9677759999999989
0.9677759999999989
0.9677759999999989
0.9677759999999989
0.9677759999999989
0.9677759999999989
0.9677759999999989
0.9677759999999997
0.9677759999999997
0.9677759999999997
0.9677759999999997
0.9677759999999997
0.9677759999999997
0.9677760000000006
0.9677760000000006
0.9677760000000006
0.9677760000000006
0.9677760000000006
0.9677760000000006
0.9677760000000006
0.9677760000000006
0.9677760000000006
0.9677760000000006
0.9677760000000006
0.9677760000000006
0.9677760000000006
0.9677760000000006
0.9677760000000006
0.9677760000000006
0.9677760000000006
0.9677760000000006
0.9677760000000006
0.9677760000000006
0.9677760000000006
0.9677760000000006
0.9677760000000006
0.9677760000000006
0.9677760000000006
0.9677760000000006
0.9677760000000006
0.9677760000000006
0.9677760000000006
0.9677760000000006
0.9677760000000006
0.9677760000000006
0.9677760000000006
0.9677760000000006
0.9677760000000006
0.9677760000000006
0.9677760000000006
0.9677760000000006
0.9677760000000006
0.9677760000000006
0.9677760000000006
0.9677760000000006
0.9677760000000006
0.9677760000000006
0.9677760000000006
0.9677760000000006
0.9677760000000006
0.9677760000000006
0.9677760000000006
0.9677760000000006
0.9677760000000006
0.9677760000000006
0.9677760000000006
0.9677760000000006
0.9677760000000006
0.9677760000000006
0.9677760000000006
0.9677760000000006
0.9677760000000006
0.9677760000000006
0.9677760000000006
0.9677760000000006
0.9677760000000006
0.9677760000000006
0.9677760000000006
0.9677760000000006
0.9677760000000006
0.9677760000000006
0.9677760000000006
0.9677760000000006
0.9677760000000006
0.9677760000000006
0.9677760000000006
0.9677760000000006
0.9677760000000006
0.9677760000000006
0.9677760000000006
0.9677760000000006
0.9677760000000006
0.9677760000000006
0.9677760000000006
0.9677760000000006
0.9677760000000006
0.9677760000000006
0.9677760000000006
0.9677760000000006
0.9677760000000006
0.9677760000000006
0.9677760000000006
0.9677760000000006
0.9677760000000006
0.9677760000000006
0.9677760000000006
0.9677760000000006
0.9677760000000006
0.9677760000000006
0.9677760000000006
0.9677760000000006
0.9677760000000006
0.9677760000000006
0.9677760000000006
0.9677760000000006
0.9677760000000006
0.9677760000000006
0.9677760000000006
0.9677760000000006
0.9677760000000006
0.9677760000000006
0.9677760000000006
0.9677760000000006
0.9677760000000006
0.9677760000000006
0.9677760000000006
0.9677760000000006
0.9677760000000006
0.9677760000000006
0.9677760000000006
0.9677760000000006
0.9677760000000006
0.9677760000000006
0.9677760000000006
0.9677760000000006
0.9677760000000006
0.9677760000000006
0.9677760000000006
0.9677760000000006
0.9677760000000006
0.9677760000000006
0.9677760000000006
0.9677760000000006
0.9677760000000006
0.9677760000000006
0.9677760000000006
0.9677760000000006
0.9677760000000006
0.9677760000000006
0.9677760000000006
0.9677760000000006
0.9677760000000006
0.9754880000000004
0.9755520000000004
0.9755520000000004
0.9755520000000004
0.9755520000000004
0.9755520000000004
0.9755520000000004
0.9755520000000004
0.9755520000000004
0.9755520000000004
0.9763839999999995
0.9763839999999995
0.9763839999999995
0.9763839999999995
0.9763839999999995
0.9763839999999995
0.9763839999999995
0.9763839999999995
0.9763839999999995
0.9763839999999995
0.9763839999999995
0.9763839999999995
0.9763839999999995
0.9763839999999995
0.9763839999999995
0.9763839999999995
0.9763839999999995
0.9763839999999995
0.9763839999999995
0.9763839999999995
0.9763839999999995
0.9763839999999995
0.9763839999999995
0.9763839999999995
0.9763839999999995
0.9763839999999995
0.9763839999999995
0.9763839999999995
0.9763839999999995
0.9763839999999995
0.9763839999999995
0.9763839999999995
0.9763839999999995
0.9763839999999995
0.9763839999999995
0.9763839999999995
0.9763840000000004
0.9763840000000004
0.9763840000000013
0.976384000000003
0.976384000000003
0.9777759999999986
0.9777759999999986
0.9777759999999986
0.9777759999999986
0.9777759999999986
0.9777759999999986
0.9777759999999986
0.9777759999999986
0.9777759999999986
0.9777759999999986
0.9777759999999986
0.9777759999999986
0.9777759999999986
0.9777759999999986
0.9777759999999986
0.9777759999999986
0.9777759999999986
0.9777759999999986
0.9777759999999986
0.9777759999999986
0.9777759999999986
0.9777759999999986
0.9777759999999986
0.9777759999999986
0.9777759999999986
0.9777759999999986
0.9777759999999986
0.9777759999999986
0.9777759999999986
0.9777759999999986
0.9777759999999986
0.9777759999999986
0.9777759999999986
0.9777759999999986
0.9777759999999986
0.9777759999999986
0.9777759999999986
0.9777759999999986
0.9777759999999986
0.9777759999999986
0.9777759999999986
0.9777759999999986
0.9777759999999986
0.9777759999999986
0.9777759999999995
0.9777760000000004
0.9777760000000004
0.9777760000000004
0.9777760000000004
0.9777760000000004
0.9777760000000004
0.9777760000000004
0.9777760000000004
0.9777760000000004
0.9777760000000004
0.9777760000000004
0.9777760000000004
0.9777760000000004
0.9777760000000004
0.9777760000000004
0.9777760000000004
0.9777760000000004
0.9777760000000004
0.9777760000000004
0.9777760000000004
0.9777760000000004
0.9777760000000022
0.9777760000000022
0.9777760000000022
0.9777760000000022
0.9777760000000022
0.9777760000000022
0.9777760000000022
0.9777760000000022
0.9777760000000022
0.9777760000000022
0.9777760000000022
0.9777760000000022
0.9777760000000022
0.9777760000000022
0.9777760000000022
0.9777760000000022
0.9777760000000022
0.9777760000000022
0.9777760000000022
0.9777760000000022
0.9777760000000022
0.9777760000000022
0.9777760000000022
0.9777760000000022
0.9777760000000022
0.9777760000000022
0.9777760000000022
0.9777760000000022
0.9777760000000022
0.9777760000000022
0.9777760000000022
0.9777760000000022
0.9777760000000022
0.9777760000000022
0.9777760000000022
0.9777760000000022
0.9777760000000022
0.9777760000000022
0.9777760000000022
0.9777760000000022
0.9777760000000022
0.9849920000000001
0.9855519999999984
0.9855519999999984
0.9855519999999984
0.9855519999999984
0.9855519999999984
0.9855519999999984
0.9855519999999984
0.9855519999999984
0.9855519999999984
0.9855519999999984
0.9855519999999984
0.9855519999999984
0.9855519999999984
0.9855520000000002
0.985552000000002
0.985552000000002
0.985552000000002
0.985552000000002
0.985552000000002
0.985552000000002
0.985552000000002
0.985552000000002
0.985552000000002
0.9866159999999979
0.9866159999999979
0.9866159999999979
0.9866159999999979
0.9866159999999997
0.9866159999999997
0.9866159999999997
0.9866159999999997
0.9866159999999997
0.9866159999999997
0.9866159999999997
0.9866159999999997
0.9866159999999997
0.9866159999999997
0.9866159999999997
0.9866159999999997
0.9866159999999997
0.9866159999999997
0.9866159999999997
0.9866159999999997
0.9866159999999997
0.9866159999999997
0.9866159999999997
0.9866159999999997
0.9866159999999997
0.9866159999999997
0.9866159999999997
0.9866159999999997
0.9866159999999997
0.9866159999999997
0.9866159999999997
0.9866159999999997
0.9866159999999997
0.9866159999999997
0.9866159999999997
0.9866159999999997
0.9866159999999997
0.9866159999999997
0.9866159999999997
0.9866159999999997
0.9866159999999997
0.9866159999999997
0.9866159999999997
0.9866159999999997
0.9866159999999997
0.9866159999999997
0.9866159999999997
0.9866159999999997
0.9866160000000006
0.9866160000000006
0.9866160000000015
0.9866160000000015
0.9866160000000015
0.9866160000000015
0.9866160000000015
0.9866160000000015
0.9866160000000015
0.9866160000000015
0.9866160000000015
0.9866160000000015
0.9866160000000015
0.9866160000000015
0.9866160000000015
0.9866160000000015
0.9866160000000015
0.9866639999999975
0.9866639999999975
0.9866639999999975
0.9866639999999975
0.9866639999999975
0.9866639999999975
0.9866639999999975
0.9866639999999975
0.9866639999999975
0.9866639999999975
0.9866639999999975
0.9866639999999975
0.9866639999999975
0.9866639999999975
0.9866639999999975
0.9866639999999975
0.9866639999999975
0.9866639999999975
0.9866639999999975
0.9866639999999975
0.9866639999999975
0.9866639999999975
0.9866639999999975
0.9866639999999975
0.9866639999999975
0.9866639999999975
0.9866639999999975
0.9866639999999975
0.9866639999999975
0.9866639999999975
0.9866639999999975
0.9866639999999975
0.9866639999999975
0.9866639999999975
0.9866639999999975
0.9866639999999975
0.9866639999999975
0.9866639999999975
0.9866639999999975
0.9866639999999975
0.9866639999999975
0.9866639999999975
0.9866639999999975
0.9866639999999975
0.9866639999999975
0.9866639999999975
0.9866639999999975
0.9866639999999975
0.9866639999999993
0.9866639999999993
0.9866639999999993
0.9866639999999993
0.9866639999999993
0.9866639999999993
0.9866640000000011
0.9866640000000011
0.9866640000000011
0.9866640000000011
0.9866640000000011
0.9866640000000011
0.9866640000000011
0.9866640000000011
0.9866640000000011
0.9866640000000011
0.9866640000000011
0.9866640000000011
0.9866640000000011
0.9866640000000011
0.9866640000000011
0.9866640000000011
0.9866640000000011
0.9866640000000011
0.9866640000000011
0.9866640000000011
0.9866640000000011
0.9866640000000011
0.9866640000000011
0.9866640000000011
0.9866640000000011
0.9866640000000011
0.9866640000000011
0.9866640000000011
0.9866640000000011
0.9866640000000011
0.9866640000000011
0.9866640000000011
0.9866640000000011
0.9866640000000011
0.9866640000000011
0.9866640000000011
0.9866640000000011
0.9866640000000011
0.9866640000000011
0.9866640000000011
0.9866640000000011
0.9866640000000011
0.9866640000000011
0.9866640000000011
0.9866640000000011
0.9866640000000011
0.9866640000000011
0.9866640000000011
0.9866640000000011
0.9866640000000011
0.9866640000000011
0.9866640000000011
0.9866640000000011
0.9866640000000011
0.9866640000000011
0.9866640000000011
0.9866640000000011
0.9866640000000011
0.9866640000000011
0.9866640000000011
0.9866640000000011
0.9866640000000011
0.9866640000000011
0.9866640000000011
0.9866640000000011
0.9866640000000011
0.9866640000000011
0.9866640000000011
0.9866640000000011
0.9866640000000011
0.9866640000000011
0.9885493329999999
0.9885493330000008
0.9886053329999989
0.9886053329999989
0.9886053330000024
0.9886053330000024
0.9928000019999992
0.9940879999999996
0.9940879999999996
0.9940880000000014
0.9941200020000007
0.9941600000000008
0.9941600000000008
0.9941920020000019
0.9941920020000019
0.9966159999999995
0.9966159999999995
0.9966159999999995
0.9966159999999995
0.9966159999999995
0.9966159999999995
0.9966159999999995
0.9966159999999995
0.9966159999999995
0.9966159999999995
0.9966160000000013
0.9966639999999991
0.9966639999999991
0.9966639999999991
0.9966639999999991
0.9966639999999991
0.9966639999999991
0.9966639999999991
0.9966639999999991
0.9966639999999991
0.9966639999999991
0.9966639999999991
0.9966639999999991
0.9966639999999991
0.9966639999999991
0.9966639999999991
0.9966639999999991
0.9966639999999991
0.9966639999999991
0.9966639999999991
0.9966639999999991
0.9966639999999991
0.9966639999999991
0.9966639999999991
0.9966639999999991
0.9966639999999991
0.9966639999999991
0.9966639999999991
0.9966639999999991
0.9966639999999991
0.9966639999999991
0.9966639999999991
0.9966639999999991
0.9966639999999991
0.9966639999999991
0.9966639999999991
0.9966639999999991
0.9966639999999991
0.9966639999999991
0.9966639999999991
0.9966639999999991
0.9966640000000009
0.9966640000000027
0.9966640000000027
0.9966640000000027
0.9966640000000027
0.9966640000000027
0.9966640000000027
0.9966640000000027
0.9966640000000027
0.9966640000000027
0.9966640000000027
0.9966640000000027
0.9966640000000027
0.9966640000000027
0.9966640000000027
1.0052159999999999
1.005271999999998
1.005271999999998
1.0052719999999997
1.0052720000000015
1.0052720000000015
1.0066159999999993
1.0066159999999993
1.0066159999999993
1.0066159999999993
1.0066159999999993
1.0066159999999993
1.0066159999999993
1.0066159999999993
1.0066159999999993
1.0066159999999993
1.0066159999999993
1.0066159999999993
1.0066159999999993
1.0066159999999993
1.0066159999999993
1.0066159999999993
1.0066159999999993
1.0066159999999993
1.0066160000000002
1.0066160000000002
1.0066160000000002
1.0066160000000002
1.0066160000000002
1.0066160000000002
1.0066160000000002
1.006616000000001
1.006616000000001
1.006616000000001
1.006616000000001
1.006616000000001
1.006616000000001
1.006616000000001
1.0066639999999971
1.0066639999999971
1.0066639999999971
1.0066639999999971
1.0066639999999971
1.0066639999999971
1.0066639999999971
1.0066639999999971
1.0066639999999971
1.0066639999999971
1.0066639999999971
1.0066639999999971
1.0066639999999971
1.0066639999999971
1.0066639999999971
1.0066639999999971
1.0066639999999971
1.0066639999999971
1.0066639999999971
1.0066639999999971
1.0066639999999971
1.006663999999999
1.006663999999999
1.006663999999999
1.006663999999999
1.006663999999999
1.006663999999999
1.006663999999999
1.006663999999999
1.0066640000000007
1.0066640000000007
1.0066640000000007
1.0066640000000007
1.0066640000000007
1.0066640000000007
1.0066640000000007
1.0066640000000007
1.0066640000000007
1.0066640000000007
1.0066640000000007
1.0066640000000007
1.0066640000000007
1.0066640000000007
1.0066640000000007
1.0066640000000007
1.0066640000000007
1.0066640000000007
1.0066640000000007
1.0066640000000007
1.0066640000000007
1.0066640000000007
1.0066640000000007
1.0066640000000007
1.0066640000000007
1.0066640000000007
1.0066640000000007
1.0066640000000007
1.0066640000000007
1.0066640000000007
1.0066640000000007
1.0066640000000007
1.0066640000000007
1.0066640000000007
1.0066640000000007
1.0066640000000007
1.0066640000000007
1.0066640000000007
1.0066640000000007
1.0066640000000007
1.0066640000000007
1.0066640000000007
1.0066640000000007
1.0066640000000007
1.0066640000000007
1.0066640000000007
1.0066640000000007
1.0066640000000007
1.0066640000000007
1.0066640000000007
1.0066640000000007
1.0066640000000007
1.0066640000000007
1.0066640000000007
1.0066640000000007
1.0066640000000007
1.0066640000000007
1.0066640000000007
1.0066640000000007
1.0066640000000007
1.0066640000000007
1.0066640000000007
1.0066640000000007
1.0066640000000007
1.0066640000000007
1.0066640000000007
1.0066640000000007
1.0066640000000007
1.0066640000000007
1.0066640000000007
1.0066640000000007
1.0066640000000007
1.0066640000000007
1.0177759999999978
1.0177759999999978
1.0177759999999978
1.0177759999999978
1.0177759999999978
1.0177759999999978
1.0177759999999978
1.0177759999999978
1.0177759999999978
1.0177759999999978
1.0177759999999978
1.0177759999999978
1.0177759999999978
1.0177759999999978
1.0177759999999978
1.0177759999999978
1.0177759999999978
1.0177759999999978
1.0177759999999978
1.0177759999999978
1.0177759999999978
1.0177759999999978
1.0177759999999978
1.0177759999999978
1.0177759999999978
1.0177759999999978
1.0177759999999978
1.0177759999999978
1.0177759999999978
1.0177759999999978
1.0177759999999978
1.0177759999999978
1.0177759999999978
1.0177759999999978
1.0177759999999978
1.0177759999999978
1.0177759999999978
1.0177759999999978
1.0177759999999978
1.0177759999999978
1.0177759999999978
1.0177759999999978
1.0177759999999978
1.0177759999999978
1.0177759999999978
1.0177759999999978
1.0177759999999978
1.0177759999999978
1.0177759999999978
1.0177759999999978
1.0177759999999978
1.0177759999999978
1.0177759999999978
1.0177759999999978
1.0177759999999978
1.0177759999999978
1.0177759999999978
1.0177759999999978
1.0177759999999978
1.0177759999999978
1.0177759999999978
1.0177759999999978
1.0177759999999978
1.0177759999999978
1.0177759999999978
1.0177759999999978
1.0177759999999978
1.0177759999999978
1.0177759999999978
1.0177759999999978
1.0177759999999978
1.0177759999999978
1.0177759999999996
1.0177759999999996
1.0177759999999996
1.0177759999999996
1.0177759999999996
1.0177759999999996
1.0177759999999996
1.0177759999999996
1.0177759999999996
1.0177759999999996
1.0177759999999996
1.0177759999999996
1.0177759999999996
1.0177759999999996
1.0177759999999996
1.0177759999999996
1.0177759999999996
1.0177759999999996
1.0177759999999996
1.0177759999999996
1.0177759999999996
1.0177759999999996
1.0177759999999996
1.0177759999999996
1.0177759999999996
1.0177759999999996
1.0177759999999996
1.0177759999999996
1.0177759999999996
1.0177759999999996
1.0177759999999996
1.0177759999999996
1.0177759999999996
1.0177759999999996
1.0177759999999996
1.0177759999999996
1.0177759999999996
1.0177759999999996
1.0177759999999996
1.0177759999999996
1.0177759999999996
1.0177759999999996
1.0177759999999996
1.0177759999999996
1.0177759999999996
1.0177759999999996
1.0177759999999996
1.0177759999999996
1.0177759999999996
1.0177759999999996
1.0177759999999996
1.0177759999999996
1.0177759999999996
1.0177759999999996
1.0177759999999996
1.0177759999999996
1.0177759999999996
1.0177759999999996
1.0177759999999996
1.0177759999999996
1.0177759999999996
1.0177759999999996
1.0177759999999996
1.0177759999999996
1.0177759999999996
1.0177759999999996
1.0177759999999996
1.0177759999999996
1.0177759999999996
1.0177759999999996
1.0177759999999996
1.0177759999999996
1.0177759999999996
1.0177759999999996
1.0177759999999996
1.0177759999999996
1.0177759999999996
1.0177759999999996
1.0177759999999996
1.0177759999999996
1.0177759999999996
1.0177760000000005
1.0177760000000005
1.0177760000000005
1.0177760000000005
1.0177760000000005
1.0177760000000005
1.0177760000000005
1.0177760000000005
1.0177760000000005
1.0177760000000005
1.0177760000000013
1.0177760000000013
1.0177760000000013
1.0177760000000013
1.0177760000000013
1.0177760000000013
1.0177760000000013
1.0177760000000013
1.0177760000000013
1.0177760000000013
1.0177760000000013
1.0177760000000013
1.0177760000000013
1.0177760000000013
1.0177760000000013
1.0177760000000013
1.0177760000000013
1.0177760000000013
1.0177760000000013
1.0177760000000013
1.0177760000000013
1.0177760000000013
1.0177760000000013
1.0177760000000013
1.0177760000000013
1.0177760000000013
1.0177760000000013
1.0177760000000013
1.0177760000000013
1.0177760000000013
1.0177760000000013
1.0177760000000013
1.0177760000000013
1.0177760000000013
1.0177760000000013
1.0177760000000013
1.0177760000000013
1.0177760000000013
1.0177760000000013
1.0177760000000013
1.0177760000000013
1.0177760000000013
1.0177760000000013
1.0177760000000013
1.0177760000000013
1.0177760000000013
1.0177760000000013
1.0177760000000013
1.0177760000000013
1.0177760000000013
1.0177760000000013
1.0177760000000013
1.0177760000000013
1.0177760000000013
1.0177760000000013
1.0177760000000013
1.0177760000000013
1.0177760000000013
1.0177760000000013
1.0177760000000013
1.0177760000000013
1.0177760000000013
1.0177760000000013
1.0177760000000013
1.0177760000000013
1.0177760000000013
1.0177760000000013
1.0177760000000013
1.0177760000000013
1.0177760000000013
1.0177760000000013
1.0177760000000013
1.0177760000000013
1.0177760000000013
1.0177760000000013
1.0177760000000013
1.0177760000000013
1.0177760000000013
1.0177760000000013
1.0177760000000013
1.0177760000000013
1.0177760000000013
1.0177760000000013
1.0177760000000013
1.0177760000000013
1.0177760000000013
1.0177760000000013
1.0177760000000013
1.0177760000000013
1.0177760000000013
1.0177760000000013
1.0177760000000013
1.0177760000000013
1.0177760000000013
1.0177760000000013
1.0177760000000013
1.0177760000000013
1.0177760000000013
1.0177760000000013
1.0177760000000013
1.0177760000000013
1.0177760000000013
1.0177760000000013
1.0177760000000013
1.0177760000000013
1.0177760000000013
1.0177760000000013
1.0177760000000013
1.0177760000000013
1.0177760000000013
1.0177760000000013
1.0177760000000013
1.0177760000000013
1.0177760000000013
1.0177760000000013
1.0177760000000013
1.0177760000000013
1.0177760000000013
1.0177760000000013
1.0177760000000013
1.0177760000000013
1.0177760000000013
1.0177760000000013
1.0177760000000013
1.0177760000000013
1.0177760000000013
1.0177760000000013
1.0177760000000013
1.0177760000000013
1.0177760000000013
1.0177760000000013
1.0177760000000013
1.0177760000000013
1.0177760000000013
1.0177760000000013
1.0177760000000013
1.0255519999999976
1.0255520000000011
1.0277759999999994
1.0277759999999994
1.0277759999999994
1.027776000000003
1.0355519999999991
1.0355519999999991
1.0355519999999991
1.0355519999999991
1.0355519999999991
1.0355519999999991
1.0355519999999991
1.0355519999999991
1.0355519999999991
1.0466159999999984
1.0466159999999984
1.0466159999999984
1.0466159999999984
1.0466159999999984
1.0466159999999984
1.0466159999999993
1.0466159999999993
1.0466159999999993
1.0466159999999993
1.0466159999999993
1.0466160000000002
1.0466160000000002
1.0466160000000002
1.0466160000000002
1.0466160000000002
1.0466160000000002
1.0466160000000002
1.0466160000000002
1.0466160000000002
1.0466160000000002
1.0466160000000002
1.0466160000000002
1.0466160000000002
1.0466160000000002
1.0466160000000002
1.0466160000000002
1.0466160000000002
1.0466160000000002
1.0466160000000002
1.0466160000000002
1.0466160000000002
1.0466160000000002
1.0466160000000002
1.0466160000000002
1.0466160000000002
1.0466160000000002
1.0466160000000002
1.0466160000000002
1.0466160000000002
1.0466160000000002
1.0466160000000002
1.0466160000000002
1.0466160000000002
1.0466160000000002
1.0466160000000002
1.0466160000000002
1.0466160000000002
1.0466160000000002
1.0466160000000002
1.0466160000000002
1.0466639999999998
1.0466639999999998
1.0466639999999998
1.0466639999999998
1.0466639999999998
1.0466639999999998
1.0466639999999998
1.0466639999999998
1.0466639999999998
1.0466639999999998
1.0466639999999998
1.0466639999999998
1.0466639999999998
1.0466639999999998
1.0466639999999998
1.0466639999999998
1.0466639999999998
1.0466639999999998
1.0466639999999998
1.0466639999999998
1.0466639999999998
1.0466639999999998
1.0466639999999998
1.0466639999999998
1.0466639999999998
1.0466639999999998
1.0466639999999998
1.0466639999999998
1.0466639999999998
1.0466639999999998
1.0466639999999998
1.0466639999999998
1.0466639999999998
1.0466639999999998
1.0466639999999998
1.0466639999999998
1.0466639999999998
1.0466639999999998
1.0466639999999998
1.0466639999999998
1.0466639999999998
1.0466639999999998
1.0466639999999998
1.0466639999999998
1.0466639999999998
1.0466639999999998
1.0466639999999998
1.0466639999999998
1.0466639999999998
1.0466639999999998
1.0466639999999998
1.0466639999999998
1.0466639999999998
1.0466639999999998
1.0466639999999998
1.0466639999999998
1.0466639999999998
1.0466639999999998
1.0466639999999998
1.0466639999999998
1.0466639999999998
1.0466639999999998
1.0466639999999998
1.0466639999999998
1.0466639999999998
1.0466639999999998
1.0466639999999998
1.0466639999999998
1.0466639999999998
1.0466639999999998
1.0466639999999998
1.0466639999999998
1.0466639999999998
1.0466639999999998
1.0466639999999998
1.0466639999999998
1.0466639999999998
1.0466639999999998
1.0466639999999998
1.0466639999999998
1.0466639999999998
1.0466639999999998
1.0466639999999998
1.0466639999999998
1.0466639999999998
1.0466640000000016
1.0466640000000016
1.0508586690000001
1.0566159999999991
1.056616
1.056616
1.056616
1.056616
1.056616
1.056616
1.056616
1.056616
1.056616
1.056616
1.056616
1.056616
1.056616
1.056616
1.056616
1.056616
1.056616
1.056616
1.056616
1.056616
1.056616
1.056616
1.056616
1.056616
1.056616
1.056616
1.056616
1.056616
1.056616
1.056616
1.056616
1.056616
1.056616
1.056616
1.056616
1.056616
1.056616
1.056616
1.056616
1.056616
1.056616
1.056616
1.0566160000000009
1.0566639999999978
1.0566639999999978
1.0566639999999978
1.0566639999999978
1.0566639999999978
1.0566639999999978
1.0566639999999978
1.0566639999999978
1.0566639999999978
1.0566639999999978
1.0566639999999978
1.0566639999999978
1.0566639999999978
1.0566639999999978
1.0566639999999978
1.0566639999999978
1.0566639999999978
1.0566639999999978
1.0566639999999978
1.0566639999999978
1.0566639999999978
1.0566639999999978
1.0566639999999978
1.0566639999999978
1.0566639999999978
1.0566639999999996
1.0566639999999996
1.0566639999999996
1.0566639999999996
1.0566639999999996
1.0566639999999996
1.0566639999999996
1.0566640000000014
1.0566640000000014
1.0566640000000014
1.0566640000000014
1.0566640000000014
1.0566640000000014
1.0566640000000014
1.0566640000000014
1.0566640000000014
1.0566640000000014
1.0566640000000014
1.0566640000000014
1.0566640000000014
1.0566640000000014
1.0566640000000014
1.0566640000000014
1.0566640000000014
1.0566640000000014
1.0566640000000014
1.0566640000000014
1.0566640000000014
1.0566640000000014
1.0566640000000014
1.0566640000000014
1.0566640000000014
1.0566640000000014
1.0566640000000014
1.0566640000000014
1.0566640000000014
1.0566640000000014
1.0566640000000014
1.0566640000000014
1.0566640000000014
1.0566640000000014
1.0566640000000014
1.0566640000000014
1.0566640000000014
1.0566640000000014
1.0566640000000014
1.0566640000000014
1.0566640000000014
1.0566640000000014
1.0566640000000014
1.0566640000000014
1.0566640000000014
1.0566640000000014
1.0566640000000014
1.0566640000000014
1.0566640000000014
1.0566640000000014
1.0566640000000014
1.0566640000000014
1.0566640000000014
1.0566640000000014
1.0566640000000014
1.0566640000000014
1.0566640000000014
1.0566640000000014
1.0566640000000014
1.0566640000000014
1.0566640000000014
1.075488
1.075488
1.075488
1.075488
1.075488
1.075488
1.075488
1.0755519999999983
1.0755519999999983
1.0755519999999983
1.075552
1.075552
1.0755520000000018
1.0755520000000018
1.0755520000000018
1.0755520000000018
1.0755520000000018
1.0755520000000018
1.0755520000000018
1.0755520000000018
1.0866159999999994
1.0866159999999994
1.0866159999999994
1.0866159999999994
1.0866159999999994
1.0866159999999994
1.0866159999999994
1.0866159999999994
1.0866159999999994
1.0866159999999994
1.0866159999999994
1.0866159999999994
1.0866159999999994
1.0866159999999994
1.0866159999999994
1.0866159999999994
1.0866159999999994
1.0866159999999994
1.0866159999999994
1.0866159999999994
1.0866159999999994
1.0866159999999994
1.0866159999999994
1.0866159999999994
1.0866159999999994
1.0866159999999994
1.0866159999999994
1.0866160000000002
1.0866160000000002
1.0866160000000002
1.0866160000000002
1.0866160000000002
1.0866160000000002
1.0866160000000002
1.0866160000000002
1.0866160000000002
1.0866160000000002
1.0866160000000002
1.0866160000000002
1.0866160000000002
1.0866160000000002
1.0866160000000011
1.0866160000000011
1.0866160000000011
1.0866160000000011
1.0866160000000011
1.0866160000000011
1.0866160000000011
1.0866160000000011
1.0866160000000011
1.0866160000000011
1.0866160000000011
1.0866160000000011
1.0866160000000011
1.0866160000000011
1.086663999999999
1.086663999999999
1.086663999999999
1.086663999999999
1.086663999999999
1.086663999999999
1.086663999999999
1.086663999999999
1.086663999999999
1.086663999999999
1.086663999999999
1.086663999999999
1.086663999999999
1.086663999999999
1.086663999999999
1.086663999999999
1.086663999999999
1.086663999999999
1.086663999999999
1.086663999999999
1.086663999999999
1.086663999999999
1.086663999999999
1.086663999999999
1.086663999999999
1.086663999999999
1.086663999999999
1.086663999999999
1.086663999999999
1.086663999999999
1.086663999999999
1.086663999999999
1.086663999999999
1.086663999999999
1.086663999999999
1.086663999999999
1.086663999999999
1.086663999999999
1.086663999999999
1.086663999999999
1.086663999999999
1.086663999999999
1.086663999999999
1.086663999999999
1.086663999999999
1.086663999999999
1.086663999999999
1.086663999999999
1.086663999999999
1.086663999999999
1.086663999999999
1.086663999999999
1.086663999999999
1.086663999999999
1.086663999999999
1.086663999999999
1.086663999999999
1.086663999999999
1.086663999999999
1.086663999999999
1.086663999999999
1.086663999999999
1.086663999999999
1.086663999999999
1.086663999999999
1.086663999999999
1.086663999999999
1.086663999999999
1.086663999999999
1.086663999999999
1.086663999999999
1.0866640000000007
1.0866640000000007
1.0866640000000007
1.0866640000000007
1.0866640000000007
1.0866640000000007
1.0866640000000007
1.0866640000000025
1.0866640000000025
1.0866640000000025
1.0866640000000025
1.0866640000000025
1.0866640000000025
1.0866640000000025
1.0866640000000025
1.0866640000000025
1.0866640000000025
1.0866640000000025
1.0866640000000025
1.0866640000000025
1.0866640000000025
1.0866640000000025
1.0866640000000025
1.0866640000000025
1.0885733359999996
1.0940879999999993
1.0940879999999993
1.094088000000001
1.094088000000001
1.0941599999999987
1.0941599999999987
1.0941599999999987
1.0941599999999987
1.0941599999999987
1.0941599999999987
1.0941599999999987
1.0941599999999987
1.0941600000000005
1.0941600000000022
1.0941600000000022
1.0941600000000022
1.0941600000000022
1.0941600000000022
