0.208770
0.555924
0.208617
0.666927
0.250821
0.777878
0.250113
0.889256
0.250788
0.291829
0.250598
1.000426
0.292035
0.291794
0.292142
0.292475
0.292093
0.292426
0.334047
1.000538
0.292080
0.333737
1.000207
0.292495
0.333837
0.333648
0.333678
0.333905
1.000613
0.333795
0.333499
0.333483
0.334063
1.000349
0.333644
0.333984
0.375349
0.333657
0.375118
1.000237
0.333720
0.333950
0.333896
0.375655
0.375644
0.333471
0.375563
0.375170
0.375797
1.000376
0.375608
0.333644
0.375680
0.375715
1.000239
0.333616
0.375130
0.333817
0.375755
1.000642
0.375846
0.375820
0.375692
1.000676
0.333603
0.375103
0.375427
0.375519
0.375326
1.000445
0.375655
0.375613
0.375162
0.333651
0.375368
0.375706
0.333689
0.375831
0.334109
0.375253
1.000307
0.375484
0.375464
1.000887
0.375299
0.375602
0.333603
0.375328
0.333519
0.375125
0.334204
0.375131
0.889734
1.000663
0.375707
0.375215
0.333999
0.375234
0.333966
0.375892
0.333912
0.375389
0.333938
1.000640
0.375607
0.375873
0.375446
0.375863
0.375803
1.000322
0.333549
0.375210
0.334040
0.375580
0.375197
1.000105
0.375282
0.375367
1.000333
0.375368
0.333726
0.375304
0.375399
1.000338
0.375867
0.375206
0.375452
0.375632
0.375340
0.375185
0.375624
0.375818
0.375474
0.375329
1.000559
0.375180
0.375301
0.375105
1.000143
0.333538
0.375327
0.375259
0.375315
0.375133
0.375738
0.375412
0.889027
0.375120
0.375679
0.375372
0.375388
0.889061
1.000575
0.375687
0.375409
0.375542
0.375793
0.375761
0.375274
0.375233
0.375846
0.375798
0.375151
1.000420
0.375226
0.375610
0.375500
1.000427
0.375615
0.375543
0.375532
0.375842
0.375702
1.000746
0.375875
0.375540
0.375258
0.416780
1.000561
0.375837
0.417052
1.000849
0.333442
0.375860
0.375636
0.375418
0.333836
0.375529
0.375279
0.375676
0.375662
0.375226
1.000574
0.375713
0.375546
0.375700
1.000423
0.375146
0.375228
0.375138
0.375589
0.375659
1.000880
0.333725
0.375505
0.375855
0.375832
1.000663
0.334202
0.375492
0.375600
1.000354
0.375441
0.333943
0.375314
0.333510
0.375127
0.375717
0.375605
0.375307
0.375493
1.000367
0.375432
0.375167
0.375180
1.000878
0.375768
0.333837
0.375124
0.334229
0.375541
0.375613
1.000655
0.375522
0.416771
0.375260
0.417144
1.000836
0.334157
0.375446
0.333762
1.000524
0.375700
0.334102
0.375233
0.375114
0.375845
0.333594
0.375730
0.375551
0.375467
1.000323
0.375818
0.375799
1.000390
0.375898
0.375777
0.375258
0.375502
0.375801
0.375253
1.000143
0.333848
0.375808
0.375565
0.375519
1.000168
0.375142
0.375455
0.375891
0.375488
1.000783
0.333848
0.375287
0.333986
0.375647
0.333634
0.375598
0.375808
0.375131
1.000248
0.375374
0.375354
0.375166
1.000274
0.375644
0.375165
0.375151
0.375802
0.417233
1.000852
0.375155
0.375609
0.417133
0.375862
1.000274
0.375885
0.375130
0.333649
0.375440
0.375121
1.000703
0.333657
0.375535
0.334224
0.375876
0.333615
0.375291
0.375573
0.375190
1.000322
0.375722
0.375464
0.375576
1.000788
0.375638
0.333653
0.375853
0.334022
0.333554
1.000519
0.375640
0.333609
0.375228
1.000206
0.333571
0.375401
0.375191
0.333601
0.333950
0.375531
1.000288
0.333753
0.375755
0.334057
0.375410
0.375731
0.375105
0.375601
1.000404
0.375195
0.375823
0.375226
0.375559
1.000498
0.375114
0.375297
0.375718
0.375866
0.375885
1.000839
0.375485
0.375625
1.000214
0.375612
0.334064
0.375353
0.375113
0.375822
0.333854
0.375630
0.333787
0.375709
1.000150
0.375309
0.375532
0.375460
0.416806
0.375537
1.000161
0.375444
0.375632
0.375883
0.333903
1.000292
0.375481
0.375583
0.375488
0.375299
1.000549
0.375473
0.375238
0.375134
1.000198
0.333686
0.375646
0.375829
0.375605
0.375659
0.375752
0.375225
0.375390
0.416972
1.000834
0.333773
0.375514
0.375466
0.375799
1.000554
0.375104
0.375860
0.375897
0.333970
0.375843
1.000567
0.375828
0.333758
0.375250
0.375416
1.000624
0.334032
0.375790
1.000761
0.334066
0.334221
0.375214
0.333812
0.375817
0.334052
0.375238
0.375669
0.375844
1.000528
0.375874
0.375778
0.375867
0.375489
0.375344
1.000766
0.375142
0.333682
0.375726
0.375140
1.000885
0.375669
0.333940
0.375813
0.333527
0.375756
0.375329
1.000717
0.375554
0.333552
1.000579
0.375387
0.375206
0.375692
0.334099
0.375124
0.333844
0.375103
0.375693
1.000454
0.375531
0.375667
0.375332
0.375498
1.000255
0.375577
0.333697
0.375298
0.334158
0.375190
1.000337
0.334143
0.375758
0.334177
0.375722
0.375852
1.000699
0.375151
0.334003
0.375354
0.333603
0.375348
0.375641
1.000376
0.375140
0.333840
0.375400
0.375551
1.000510
0.375192
0.333438
0.375141
0.375759
0.375337
1.000539
0.375115
0.375814
0.334136
0.375313
1.000739
0.334225
0.375550
0.375649
0.375750
0.375494
0.375471
1.000702
0.375293
0.375522
0.375472
0.375547
0.375692
1.000719
0.375288
0.375168
0.375759
0.375694
0.375468
1.000410
0.333638
0.375560
0.333748
0.375345
1.000419
0.375653
0.375784
0.375434
0.375567
0.375686
1.000647
0.375406
0.334011
0.375297
0.375155
0.375528
1.000691
0.375526
0.375331
0.375885
0.375148
0.334035
0.375532
0.375739
1.000522
0.375720
0.375807
0.375381
1.000514
0.375375
0.375691
0.375719
0.375835
0.375206
1.000164
0.375355
0.375759
0.375847
0.375689
0.375426
1.000633
0.375436
0.375731
0.375411
0.375633
0.375786
1.000839
0.375424
0.375412
0.375270
0.375409
0.375459
0.417539
0.375841
1.000299
0.375494
0.375661
0.375206
1.000775
0.375275
0.375481
0.375566
0.375894
0.375416
1.000672
0.375158
0.334004
0.375531
0.375105
0.375460
1.000856
0.375639
0.375796
0.375688
0.375150
0.375529
1.000574
0.375889
0.334187
0.375886
0.375259
0.375362
0.375445
1.000231
0.375303
0.375644
0.375625
0.375863
1.000750
0.375500
0.333572
0.375332
0.375166
0.375232
1.000648
0.375738
0.375290
0.375419
0.375368
1.000295
0.334112
0.375324
0.334167
0.375675
0.375112
0.375883
1.000304
0.375586
0.375873
0.375258
0.375572
0.375232
0.375520
1.000117
0.375363
0.375723
0.375661
1.000889
0.375686
0.375511
0.375488
0.334158
0.375743
0.333887
0.375156
1.000491
0.375392
0.375346
1.000810
0.375660
0.375541
0.334022
0.375884
0.333808
0.375464
0.334230
0.375458
1.000668
0.375583
0.375431
0.375826
0.375254
1.000563
0.333779
0.375271
0.334159
0.375268
0.334165
0.375814
1.000854
0.375442
0.375403
0.334111
0.375285
0.375857
1.000835
0.375675
0.333682
0.375281
0.333918
1.000109
0.375722
0.375374
0.375893
0.375297
0.375738
1.000890
0.333989
0.375506
0.333906
0.375186
0.375432
1.000726
0.375649
0.334110
0.375897
0.375575
0.375145
0.375828
1.000489
0.375899
0.375371
0.375792
0.375777
0.375556
1.000749
0.375711
0.375331
0.375198
0.375892
1.000816
0.375207
0.375715
0.375290
0.375200
0.375112
1.000128
0.375189
0.375668
0.375534
0.375661
1.000754
0.375865
0.375488
0.375503
0.375742
0.375485
0.375178
1.000787
0.375413
0.375567
0.375786
0.375684
0.375459
1.000663
0.375340
0.375308
0.375474
0.375571
0.375406
1.000467
0.375487
0.375512
0.375281
0.375677
0.375612
1.000293
0.375705
0.375701
0.375861
0.375338
1.000463
0.375715
0.375303
0.375850
0.375318
0.375145
1.000435
0.375395
0.375832
0.375748
0.375862
0.375718
1.000532
0.375421
0.333814
0.375772
0.375629
0.375855
1.000443
0.375134
0.375422
0.375830
0.375547
0.375603
1.000607
0.375258
0.334130
0.375411
0.375859
1.000758
0.375650
0.375422
0.375573
0.375853
0.375372
1.000790
0.334232
0.375707
0.333619
0.375831
0.375556
1.000248
0.375649
0.375188
0.375569
0.375230
0.375859
1.000298
0.375186
0.375402
0.333666
0.375508
0.375332
0.417445
1.000211
0.334172
0.375137
0.375108
0.375350
1.000896
0.375765
0.375899
0.333752
0.375438
0.375852
1.000691
0.375328
0.334184
0.375498
0.375514
0.375782
1.000154
0.333996
0.375531
0.333575
0.375331
1.000662
0.333534
0.375529
0.334081
0.375503
0.375762
0.375355
0.375734
1.000640
0.375466
0.334006
0.375677
0.375474
1.000122
0.375674
0.333672
0.375121
0.333526
0.375677
1.000874
0.334116
0.375105
0.375824
0.375381
0.375519
1.000706
0.375434
0.333615
0.375337
0.375576
1.000513
0.375899
0.375676
0.375142
0.375746
0.375279
0.375803
0.375201
1.000114
0.333877
0.375567
0.375686
1.000321
0.375141
0.375708
0.375895
0.375380
0.375730
0.333521
0.375157
0.375703
1.000870
0.375162
0.375628
1.000351
0.375582
0.375434
0.375686
0.334096
0.375671
0.375361
0.375376
1.000670
0.375138
0.375418
0.375516
0.375317
1.000321
0.333951
0.375330
0.375765
0.375285
0.375117
1.000186
0.375326
0.375725
0.375181
0.375606
0.375554
0.375269
1.000663
0.375357
0.375239
0.375726
0.375885
1.000490
0.375407
0.375419
0.375276
0.375270
0.375190
0.375538
1.000546
0.375760
0.375575
0.375864
0.375376
1.000792
0.375285
0.375894
0.375223
0.375150
0.375279
0.375239
1.000236
0.375505
0.375864
0.375318
0.375211
1.000518
0.375486
0.375774
0.375776
0.375626
0.375600
0.375761
1.000216
0.375107
0.375280
0.375392
0.375278
1.000370
0.375830
0.375724
0.375230
0.375505
1.000688
0.375507
0.375397
0.375873
0.375500
0.375520
0.375123
1.000679
0.375659
0.375259
0.375283
0.375623
1.000476
0.375394
0.375241
0.375863
0.375269
0.375117
0.375589
1.000769
0.375778
0.375705
0.375777
0.375157
1.000197
0.375154
0.375427
0.375127
0.375778
0.375558
1.000532
0.375566
0.375164
0.375829
0.375538
0.375564
1.000449
0.375561
0.375343
0.375208
0.375720
1.000527
0.375732
0.375296
0.375821
0.375873
0.375259
0.375190
1.000890
0.375748
0.375859
0.375768
0.375552
1.000736
0.375825
0.375649
0.375790
0.375353
0.375676
0.375668
1.000810
0.375307
0.375334
0.375874
0.375236
1.000772
0.375539
0.375585
0.375433
0.375782
1.000694
0.375252
0.375409
0.375526
0.375448
0.375330
0.375499
1.000607
0.375420
0.375489
0.375455
0.375379
1.000357
0.375107
0.375215
0.375282
0.375656
0.375105
0.375535
1.000432
0.375673
0.375445
0.375639
0.375107
0.375419
1.000775
0.375779
0.375858
0.375461
0.375311
1.000740
0.375255
0.375464
0.375249
0.375680
0.375812
0.375479
1.000279
0.375519
0.375799
0.375668
0.375874
1.000278
0.375125
0.375881
0.375393
0.375307
0.375637
0.375397
1.000742
0.375169
0.333503
0.375287
0.334041
0.375177
1.000606
0.375583
0.375855
0.375565
1.000144
0.375266
0.333738
0.375299
0.375630
0.375554
0.334212
0.375542
1.000133
0.375258
0.375161
0.375831
1.000826
0.375135
0.375209
0.375851
0.333450
0.375502
0.333591
1.000654
0.375799
0.375900
0.375723
0.375869
0.375287
0.417197
1.000146
0.334127
0.375214
1.000101
0.375458
0.375258
0.375267
0.375763
0.375456
0.334130
0.375416
0.375435
1.000439
0.375449
0.375593
1.000500
0.375380
0.375519
0.375535
0.333823
0.375471
0.375551
0.375891
1.000629
0.375305
0.375790
0.375629
0.375128
0.375759
1.000816
0.375558
0.375804
0.375709
1.000672
0.375805
0.333600
0.375830
0.375172
0.375129
0.375386
0.375869
1.000446
0.375721
0.375407
1.000795
0.333748
0.375807
0.333608
0.375834
0.375441
0.375664
0.375404
1.000893
0.375655
0.375133
0.375297
0.375545
0.375662
0.375325
1.000403
0.417244
0.334116
1.000308
0.375386
0.333888
0.375212
0.333886
0.375485
0.333617
0.375582
0.375771
1.000253
0.375128
0.375592
1.000560
0.375823
0.375106
0.333800
0.333531
0.375840
0.334141
0.375762
1.000345
0.375801
0.375517
0.375378
0.375198
1.000162
0.333473
0.375423
0.333798
0.375617
0.333639
1.000673
0.375103
0.375761
0.375785
0.333889
0.375346
0.375169
1.000239
0.375216
0.333655
0.375267
1.000708
0.334115
0.375190
0.334048
0.375348
0.375287
0.375655
0.375256
1.000149
0.375900
0.375156
0.375566
0.375377
1.000254
0.375628
0.375417
0.375577
0.375193
1.000134
0.375783
0.375766
0.375137
0.375645
0.375651
0.375593
0.375890
1.000720
0.375732
0.375207
0.375141
1.000899
0.375815
0.375823
0.375188
0.375630
0.375271
0.375376
1.000385
0.375426
0.375425
0.375384
0.375483
1.000891
0.375662
0.375637
0.375619
0.375179
0.375314
1.000711
0.375213
0.375198
0.375577
0.375250
0.375742
0.375327
1.000744
0.375733
0.375147
0.375576
0.375840
1.000188
0.375574
0.375755
0.375111
0.375662
0.375485
0.375282
1.000138
0.375769
0.375608
0.375463
0.375254
1.000191
0.375454
0.334149
0.375728
0.375172
0.375894
0.375142
1.000784
0.375207
0.375240
0.375460
0.375357
1.000882
0.375688
0.333534
0.375715
0.375735
1.000676
0.375655
0.334157
0.375350
0.375510
0.375834
0.375113
1.000894
0.375216
0.333484
0.375764
0.375724
1.000514
0.375117
0.334148
0.375867
0.375832
0.375643
0.375139
1.000826
0.375685
0.334156
0.375133
0.375825
1.000383
0.375390
0.334141
0.375171
0.375491
0.375623
1.000806
0.375267
0.375378
0.334062
0.375518
0.375788
1.000663
0.375531
0.334115
0.375779
0.375582
1.000646
0.375604
0.375195
0.375663
0.333852
0.375163
0.375595
1.000261
0.375202
0.333855
0.375846
0.375125
1.000555
0.375771
0.333741
0.375846
0.334012
0.375479
1.000437
0.333735
0.375385
0.333938
0.375679
0.375214
1.000222
0.375567
0.334111
0.375653
0.333782
0.375657
0.375334
1.000195
0.375361
0.333763
0.375757
0.375779
1.000492
0.375453
0.333474
0.375594
0.375875
0.375887
0.375619
1.000530
0.375758
0.333460
0.375476
