0.208770
0.555924
0.208617
0.666927
0.250821
0.777878
0.250113
0.889256
0.292454
1.000163
0.292265
0.250426
0.292035
0.333461
0.333809
0.375808
0.333760
0.375760
0.375714
0.417205
0.417080
0.417070
0.416873
0.375828
0.417170
0.458648
0.458678
0.458905
0.458946
0.458795
0.500165
0.458483
0.500730
0.542016
0.458644
0.500651
0.542016
0.500324
0.541785
0.500237
0.542053
0.542283
0.542229
0.583988
0.542311
0.583471
0.583896
0.583504
0.542464
0.583710
0.625608
0.583644
0.625680
0.584048
0.625239
0.583616
0.625130
0.667150
0.584088
0.625642
0.625846
0.625820
0.625692
0.667342
0.625269
0.666769
0.625427
0.667185
0.666993
0.667112
0.708989
0.625613
0.666828
0.666985
0.708701
0.750706
0.667023
0.667497
0.709109
0.666920
0.708640
0.750484
0.667130
0.709220
0.750299
0.708936
0.750270
0.708662
0.750186
0.708458
0.709204
0.750131
0.709178
0.750663
0.792374
0.708548
0.708999
0.750234
0.750633
0.750892
0.708912
0.750389
0.792271
0.750640
0.750607
0.792539
0.708779
0.750863
0.792470
0.791989
0.750216
0.833544
0.750706
0.792246
0.833531
0.791772
0.833615
0.555923
0.750333
0.750368
0.792059
0.750304
0.792066
0.833671
0.750867
0.750206
0.792119
0.792299
0.792006
0.833519
0.750624
0.792485
0.792140
0.833662
0.833892
0.750180
0.791968
0.791772
0.833476
0.791871
0.791994
0.791925
0.555870
0.833466
0.792405
0.833745
0.791805
0.833454
0.875679
0.750372
0.750388
0.791838
0.792242
0.834020
0.792076
0.833875
0.875793
0.792428
0.791941
0.833566
0.834180
0.834131
0.833485
0.833753
0.833560
0.875610
0.792167
0.555983
0.792282
0.792210
0.833865
0.792509
0.792369
0.792413
0.834209
0.875540
0.791925
0.833447
0.667227
0.834171
0.833718
0.792515
0.833442
0.834194
0.792302
0.833751
0.792169
0.833862
0.875279
0.792343
0.792328
0.833559
0.875574
0.834046
0.833879
0.667367
0.833756
0.833479
0.833561
0.791805
0.875589
0.750659
0.792547
0.833725
0.792172
0.792522
0.834165
0.875663
0.792535
0.833825
0.875600
0.833687
0.875441
0.917276
0.666981
0.791843
0.750127
0.792383
0.833939
0.833640
0.833826
0.833701
0.875432
0.791834
0.833514
0.875878
0.834101
0.875503
0.666791
0.834229
0.833875
0.833947
0.833988
0.792188
0.875105
0.791927
0.833810
0.792503
0.834157
0.875446
0.792095
0.833857
0.875700
0.834102
0.875233
0.875114
0.667512
0.750260
0.792397
0.792217
0.833800
0.833656
0.834151
0.875799
0.833723
0.834232
0.875777
0.833591
0.875502
0.667468
0.791920
0.833476
0.875514
0.834141
0.833898
0.833852
0.833501
0.875142
0.792122
0.834224
0.833821
0.875783
0.792181
0.833620
0.875652
0.833981
0.875301
0.875598
0.667474
0.791797
0.791915
0.792041
0.833687
0.833500
0.833607
0.875644
0.833498
0.875151
0.875802
0.667233
0.834185
0.875155
0.792276
0.833799
0.875862
0.833607
0.875885
0.875130
0.833649
0.833774
0.833454
0.875703
0.833657
0.875535
0.792557
0.834209
0.875282
0.833624
0.875573
0.875190
0.666988
0.792388
0.792131
0.792242
0.834121
0.833971
0.833653
0.875853
0.834022
0.875221
0.667185
0.875640
0.833609
0.875228
0.833539
0.875238
0.833735
0.875191
0.833601
0.875617
0.917198
0.833622
0.875420
0.834088
0.834057
0.875410
0.917397
0.791772
0.833934
0.833737
0.875195
0.834156
0.666892
0.875559
0.792165
0.791780
0.833630
0.834051
0.834200
0.875885
0.834172
0.875485
0.667292
0.875214
0.833946
0.875731
0.875353
0.875113
0.834156
0.875520
0.917297
0.833787
0.834042
0.875150
0.875309
0.875532
0.875460
0.916806
0.792204
0.833494
0.875444
0.875632
0.667550
0.792236
0.833625
0.875481
0.833916
0.792155
0.833632
0.875549
0.833807
0.833571
0.666801
0.875198
0.833686
0.875646
0.834163
0.875605
0.875659
0.875752
0.875225
0.917056
0.778083
0.875834
0.833773
0.833848
0.833800
0.875799
0.833887
0.875104
0.875860
0.834231
0.833970
0.834176
0.875567
0.792495
0.833758
0.875250
0.833750
0.875624
0.834032
0.875790
0.667428
0.792399
0.834221
0.833547
0.875479
0.834151
0.917385
0.833571
0.834002
0.875844
0.875528
0.875874
0.917445
0.875867
0.667155
0.875344
0.875766
0.777920
0.792015
0.834059
0.875140
0.834218
0.875669
0.875606
0.792479
0.791860
0.834089
0.875329
0.792384
0.833888
0.875219
0.833912
0.875387
0.791873
0.834026
0.875765
0.833457
0.833844
0.875103
0.917359
0.833788
0.833864
0.834000
0.875332
0.875498
0.666922
0.875577
0.875364
0.875298
0.875825
0.666856
0.778115
0.834143
0.834092
0.834177
0.834056
0.834185
0.834033
0.833484
0.875669
0.750354
0.791936
0.833681
0.833974
0.833709
0.833473
0.833840
0.833733
0.833884
0.875510
0.833526
0.833438
0.875141
0.834093
0.875337
0.792205
0.791782
0.834148
0.875802
0.875313
0.667406
0.875892
0.833884
0.875649
0.875750
0.667161
0.875471
0.834036
0.875293
0.833855
0.833805
0.833881
0.834025
0.875719
0.791955
0.833501
0.875759
0.792361
0.833801
0.833743
0.875304
0.833893
0.833748
0.875345
0.917086
0.833986
0.875784
0.792101
0.792233
0.834019
0.875647
0.833739
0.875678
0.555853
0.666821
0.778306
0.792358
0.833859
0.833664
0.834218
0.875148
0.834035
0.833865
0.875739
0.833855
0.792387
0.792474
0.833714
0.875514
0.750375
0.792358
0.834052
0.834168
0.833540
0.833497
0.833688
0.834092
0.875847
0.834022
0.875426
0.750633
0.792103
0.834065
0.833745
0.833966
0.834119
0.875839
0.833758
0.875412
0.555826
0.667075
0.792126
0.834206
0.834174
0.875299
0.833827
0.833994
0.833540
0.834108
0.833608
0.875481
0.792232
0.792561
0.833750
0.875672
0.833491
0.875671
0.833864
0.875105
0.833793
0.834190
0.875639
0.792463
0.792354
0.833483
0.875529
0.833907
0.834223
0.556409
0.667552
0.833593
0.792029
0.833778
0.833565
0.833636
0.833977
0.875625
0.778641
0.792417
0.833833
0.833572
0.833665
0.833499
0.833566
0.750648
0.792404
0.833623
0.833752
0.833702
0.833628
0.875779
0.791991
0.834167
0.834008
0.833445
0.792550
0.833638
0.833919
0.834206
0.833591
0.833905
0.666898
0.833853
0.791783
0.833697
0.834056
0.833994
0.875889
0.834019
0.833844
0.875488
0.834158
0.667409
0.875554
0.833490
0.833824
0.833725
0.833680
0.792476
0.875660
0.792208
0.834022
0.834218
0.833808
0.833797
0.875897
0.833792
0.834001
0.875583
0.792097
0.834159
0.875254
0.833896
0.875445
0.666937
0.792493
0.833601
0.834165
0.834148
0.875854
0.833776
0.875403
0.667445
0.833618
0.875857
0.792501
0.834009
0.875349
0.875281
0.875585
0.791775
0.792389
0.833707
0.875893
0.833631
0.875738
0.792556
0.792322
0.833839
0.875572
0.833520
0.833765
0.875726
0.833982
0.875777
0.667564
0.792241
0.791812
0.834162
0.875489
0.834232
0.833704
0.667459
0.875777
0.833889
0.875749
0.834045
0.833664
0.833531
0.875892
0.834150
0.875207
0.875715
0.875290
0.833533
0.875112
0.833461
0.875189
0.792334
0.792200
0.833995
0.875754
0.834198
0.875488
0.875503
0.667409
0.833818
0.875178
0.792454
0.792080
0.833900
0.834119
0.834017
0.875459
0.833996
0.667006
0.833641
0.875474
0.833904
0.875406
0.875467
0.833820
0.875512
0.833615
0.834010
0.875612
0.916960
0.875705
0.875701
0.778639
0.875338
0.750463
0.792382
0.833637
0.834184
0.833651
0.833479
0.875435
0.833729
0.875832
0.875748
0.750862
0.792385
0.833865
0.833754
0.875481
0.834105
0.875629
0.667522
0.875443
0.833468
0.875422
0.834163
0.875547
0.875603
0.833940
0.875258
0.834130
0.833745
0.875859
0.917424
0.875650
0.917089
0.667239
0.792520
0.833706
0.875790
0.834232
0.834041
0.875286
0.834164
0.875556
0.791915
0.833983
0.833521
0.875569
0.791897
0.834193
0.875298
0.833519
0.875402
0.666999
0.833841
0.875332
0.917445
0.833544
0.834172
0.875137
0.875108
0.833683
0.875896
0.834099
0.834233
0.875418
0.917104
0.667519
0.834024
0.833662
0.778629
0.833831
0.833847
0.875782
0.791820
0.833996
0.875531
0.791908
0.833665
0.833995
0.833534
0.792196
0.875747
0.792169
0.834095
0.833688
0.875734
0.833974
0.833799
0.875673
0.917344
0.833807
0.833455
0.875674
0.875339
0.833455
0.875192
0.834010
0.667540
0.834116
0.875105
0.875824
0.875381
0.833853
0.667373
0.833768
0.875281
0.792004
0.833909
0.833846
0.875899
0.834010
0.875142
0.792413
0.833612
0.834137
0.833535
0.875114
0.833877
0.833901
0.875686
0.833655
0.833475
0.875708
0.917562
0.833714
0.834063
0.875187
0.875157
0.667370
0.834204
0.833496
0.875628
0.833685
0.875582
0.667101
0.875686
0.875763
0.834005
0.833695
0.875376
0.834003
0.875138
0.833751
0.875516
0.791984
0.833655
0.875617
0.833664
0.834098
0.875285
0.833450
0.916853
0.791993
0.834058
0.875181
0.833940
0.875554
0.916935
0.667330
0.792024
0.833572
0.875726
0.875885
0.667157
0.833741
0.833752
0.875276
0.833604
0.875190
0.875538
0.875546
0.917427
0.778353
0.834197
0.875376
0.834126
0.875285
0.792560
0.833556
0.833483
0.875279
0.833573
0.833570
0.875505
0.750864
0.791984
0.833544
0.833851
0.875486
0.792441
0.834109
0.875626
0.833934
0.875761
0.666883
0.833441
0.875280
0.833726
0.833611
0.875370
0.834163
0.875724
0.875230
0.875505
0.875688
0.667173
0.778175
0.875873
0.833834
0.875520
0.791789
0.834012
0.833993
0.833592
0.875283
0.750623
0.792143
0.792061
0.833575
0.792530
0.833602
0.833450
0.792255
0.875769
0.792444
0.834038
0.834110
0.875157
0.833530
0.833488
0.875427
0.916793
0.792445
0.833891
0.875532
0.875566
0.666831
0.875829
0.875538
0.875564
0.667116
0.833894
0.875343
0.833542
0.875720
0.833860
0.834065
0.791963
0.834155
0.875873
0.791926
0.833523
0.834223
0.834081
0.834192
0.834101
0.875552
0.792402
0.834159
0.875649
0.792457
0.833686
0.875676
0.834001
0.875810
0.833641
0.667000
0.875874
0.833570
0.875772
0.667205
0.833919
0.875433
0.834115
0.875694
0.833586
0.875409
0.917192
0.833782
0.833663
0.833832
0.833941
0.833753
0.833822
0.875455
0.833712
0.833690
0.875107
0.833548
0.833615
0.875656
0.833438
0.875535
0.792098
0.834006
0.875445
0.833972
0.875107
0.555975
0.667442
0.792445
0.834192
0.875461
0.778089
0.834074
0.833588
0.875464
0.791916
0.834014
0.875812
0.833812
0.875279
0.833853
0.834132
0.834001
0.792541
0.833611
0.833458
0.875881
0.833726
0.833640
0.875637
0.792064
0.834075
0.833502
0.791837
0.833620
0.834041
0.833510
0.833940
0.833917
0.875855
0.833898
0.833477
0.666933
0.875405
0.833632
0.917297
0.667220
0.792546
0.833875
0.875133
0.833591
0.875161
0.875831
0.917493
0.791802
0.791876
0.792518
0.833450
0.875502
0.791925
0.833987
0.875799
0.834233
0.875723
0.834202
0.875287
0.792197
0.833479
0.875793
0.833547
0.875101
0.667125
0.791924
0.833600
0.875763
0.792123
0.834130
0.875416
0.917102
0.667105
0.792116
0.833927
0.833833
0.875380
0.833853
0.875535
0.917156
0.792137
0.792218
0.834224
0.875629
0.791972
0.834123
0.875629
0.875128
0.834092
0.875816
0.875558
0.917471
0.792376
0.834005
0.834138
0.875267
0.875830
0.666838
0.833463
0.833719
0.834202
0.875446
0.834055
0.875407
0.667461
0.792081
0.834140
0.875275
0.834167
0.875441
0.833997
0.875404
0.917559
0.750655
0.791800
0.833631
0.833878
0.875662
0.833658
0.833737
0.875577
0.917450
0.833641
0.875386
0.875555
0.875212
0.667220
0.833818
0.833617
0.875582
0.834104
0.916919
0.791795
0.833925
0.875560
0.834156
0.875106
0.667133
0.833531
0.834174
0.875808
0.834095
0.875345
0.917467
0.750517
0.792045
0.791865
0.833495
0.875140
0.833756
0.875465
0.833950
0.875306
0.875673
0.833437
0.917428
0.667452
0.833889
0.875346
0.875169
0.778016
0.833550
0.833655
0.875267
0.750708
0.792448
0.833523
0.834048
0.875348
0.791954
0.833988
0.875256
0.875149
0.834233
0.875156
0.792233
0.833711
0.833588
0.833961
0.833750
0.875577
0.833526
0.875134
0.875783
0.875766
0.833471
0.667311
0.875651
0.833927
0.834224
0.875720
0.917399
0.833540
0.875141
0.667565
0.834149
0.792489
0.833522
0.875630
0.833604
0.875376
0.792051
0.833760
0.875425
0.833718
0.875483
0.917557
0.792328
0.833970
0.875619
0.833512
0.875314
0.792378
0.833546
0.875198
0.833910
0.666917
0.875742
0.875327
0.917410
0.792399
0.833480
0.875576
0.834173
0.666855
0.875574
0.875755
0.833444
0.833996
0.875485
0.791948
0.875138
0.834103
0.917275
0.792129
0.833587
0.833524
0.875454
0.834149
0.875728
0.833505
0.875894
0.916809
0.834117
0.833540
0.666907
0.833794
0.833690
0.875882
0.834021
0.875201
0.834049
0.834068
0.667343
0.875655
0.834157
0.833684
0.833843
0.875834
0.833446
0.917561
0.833549
0.833484
0.834097
0.875724
0.833847
0.875117
0.834148
0.875867
0.834166
0.833976
0.875139
0.834160
0.875685
0.917490
0.666800
0.834158
0.833717
0.778168
0.834141
0.833504
0.833824
0.833956
0.875806
0.833601
0.875378
0.792396
0.833851
0.875788
0.833997
0.833864
0.834115
0.875779
0.917248
0.833979
0.833937
0.833529
0.875663
0.833852
0.833496
0.875595
0.916928
0.833535
0.833855
0.667513
0.833458
0.833889
0.875771
0.833741
0.875846
0.917346
0.792146
0.833770
0.833735
0.875385
0.875604
0.667346
0.875214
0.791889
0.833900
0.875778
0.833986
0.875449
0.875657
0.875334
0.833528
0.875361
0.875430
0.875757
0.778557
0.792159
0.833786
0.875140
0.792261
0.834208
0.875887
0.875619
0.792197
0.834091
0.833460
0.875476
0.833870
0.875506
0.834146
0.875839
0.834124
0.667184
0.833951
0.875105
0.833973
0.916952
0.792450
0.833725
0.833967
0.875540
0.833960
0.875728
0.917467
0.875156
0.875586
0.778457
0.875548
0.833472
0.834053
0.875243
0.791780
0.834040
0.875761
0.875544
0.792231
0.834122
0.875120
0.833535
0.875395
0.834166
0.875141
0.666952
0.792117
0.833992
0.875291
0.833523
0.834177
0.875174
0.917149
0.792244
0.833947
0.833542
0.833739
0.875514
0.833598
0.875891
0.916960
0.875713
0.916797
0.666780
0.778634
0.875144
0.792386
0.834051
0.833921
0.833718
0.833939
0.833941
0.833820
0.833434
0.875541
0.833860
0.875286
0.792558
0.791952
0.833810
0.875181
0.833562
0.875550
0.875563
0.834040
0.875264
0.834004
0.875212
0.917345
0.792502
0.791870
0.834205
0.875649
0.875233
0.667551
0.875605
0.875277
0.875705
0.667089
0.834098
0.875189
0.833461
0.875472
0.833909
0.833461
0.875112
0.833536
0.833647
0.875103
0.917054
0.750690
0.791851
0.833850
0.833674
0.875647
0.833656
0.875505
0.917084
0.875435
0.875283
0.833686
0.833871
0.833588
0.875102
0.834004
0.833573
0.556162
0.667515
0.875844
0.777906
0.834045
0.875133
0.833489
0.833617
0.875609
0.791850
0.833630
0.875711
0.792064
0.833633
0.875199
0.791854
0.833717
0.833949
0.833762
0.833464
0.834172
0.875833
0.792114
0.833707
0.875216
0.834034
0.875811
0.875371
0.875703
0.792249
0.792177
0.833743
0.875530
0.792121
0.833771
0.875343
0.917154
0.556049
0.667193
0.833529
0.833911
0.834056
0.834140
0.875875
0.791789
0.833439
0.875162
0.875407
0.792288
0.833824
0.875437
0.833893
0.875424
0.834118
0.834166
0.875541
0.833919
0.875744
0.834145
0.917055
0.833760
0.833756
0.667364
0.792524
0.834110
0.791902
0.833633
0.875364
0.792295
0.834060
0.875460
0.833639
0.667216
0.833701
0.875280
0.792239
0.833706
0.833676
0.875879
0.834227
0.875733
0.833749
0.875553
0.875258
0.833634
0.917153
0.834032
0.834119
0.875330
0.833944
0.875274
0.875657
0.666799
0.834204
0.875615
0.750809
0.791872
0.834148
0.833607
0.834068
0.833975
0.875634
0.833473
0.875292
0.666768
0.833654
0.875764
0.792041
0.833896
0.875743
0.833701
0.833730
0.875259
0.875821
0.917221
0.792126
0.833740
0.875353
0.875345
0.833971
0.875863
0.917185
0.667062
0.834229
0.875489
0.833443
0.834138
0.833929
0.834158
0.833512
0.833763
0.875567
0.834046
0.875469
0.667425
0.834047
0.875690
0.833956
0.875188
0.792019
0.833799
0.875455
0.833982
0.875625
0.875376
0.875303
0.833517
0.917350
0.833889
0.875429
0.875421
0.667185
0.875848
0.834049
0.833848
0.875437
0.834059
0.875419
0.875132
0.917318
0.792165
0.792128
0.833651
0.833644
0.875831
0.833510
0.875125
0.667288
0.875699
0.833546
0.875873
0.875265
0.833901
0.875622
0.834123
0.875844
0.834159
0.875874
0.917294
0.875481
0.667069
0.833482
0.875900
0.833683
0.875765
0.917181
0.834021
0.833924
0.834167
0.875719
0.833675
0.875432
0.916948
0.792227
0.833976
0.875212
0.833970
0.667334
0.875733
0.833769
0.875779
0.834040
0.875600
0.875447
0.875429
0.875489
0.917058
0.667021
0.792130
0.777897
0.834069
0.834099
0.833501
0.834069
0.875216
0.834166
0.875350
0.792470
0.833857
0.875284
0.833956
0.875765
0.792282
0.834137
0.875425
0.833692
0.833449
0.833495
0.875125
0.834082
0.833830
0.875805
0.833889
0.916863
0.833685
0.834218
0.667252
0.875643
0.875340
0.875149
0.875662
0.833509
0.875814
0.667397
0.875812
0.833463
0.875662
0.833595
0.875833
0.833619
0.875446
0.833888
0.833484
0.875161
0.875458
0.792142
0.833753
0.833808
0.875537
0.833779
0.875323
0.833467
0.875350
0.834112
0.875230
0.833936
0.875764
0.667382
0.875346
0.791871
0.834097
0.875108
0.875280
0.667345
0.875738
0.875191
0.834041
0.875500
0.875353
0.875640
0.875686
0.875699
0.875295
0.875737
0.875760
0.833987
0.833646
0.875280
0.833561
0.875749
0.875625
0.792118
0.834116
0.875875
0.875330
0.833446
0.875578
0.875194
0.667394
0.834157
0.875298
0.792258
0.834165
0.875478
0.833703
0.667336
0.875569
0.916844
0.833603
0.875822
0.917385
0.778633
0.833954
0.875113
0.875692
0.875481
0.875667
0.875104
0.875661
0.875795
0.792420
0.833720
0.875346
0.792303
0.833695
0.875576
0.792315
0.834173
0.875671
0.917143
0.792430
0.834202
0.833501
0.834028
0.833780
0.875437
0.833797
0.666783
0.833848
0.875633
0.834172
0.916999
0.833921
0.875559
0.917013
0.667047
0.875141
0.777891
0.875384
0.834035
0.875808
0.875238
0.875189
0.833587
0.834107
0.833784
0.792396
0.875522
0.792057
0.833834
0.834231
0.833586
0.833803
0.833498
0.834181
0.875816
0.792169
0.792077
0.834166
0.833451
0.875144
0.834104
0.833683
0.875632
0.917097
0.667263
0.791778
0.833805
0.875609
0.875396
0.875273
0.667183
0.875533
0.875362
0.875670
0.875407
0.917379
0.778278
0.834162
0.791869
0.833434
0.792493
0.833689
0.833803
0.834224
0.875303
0.792053
0.792160
0.792280
0.791986
0.833844
0.792324
0.833523
0.834094
0.875389
0.833854
0.833790
0.875401
0.792558
0.833499
0.875696
0.833598
0.667249
0.875330
0.917193
0.833685
0.833970
0.875339
0.875752
0.917232
0.875441
0.667419
0.833824
0.834030
0.833655
0.875482
0.792566
0.833941
0.834209
0.833946
0.792493
0.792153
0.833704
0.791783
0.833681
0.875659
0.833870
0.834037
0.875160
0.917195
0.792436
0.834089
0.667360
0.833785
0.833519
0.875320
0.834037
0.875722
0.875558
0.875556
0.667054
0.778677
0.833741
0.875779
0.792362
0.833963
0.833694
0.792362
0.792004
0.833670
0.875408
0.791931
0.750723
0.750679
0.791948
0.833504
0.792104
0.834051
0.834108
0.833830
0.875347
0.833978
0.833686
0.833473
0.833530
0.875439
0.833693
0.875800
0.833595
0.875818
0.667122
0.875549
0.834151
0.875763
0.875428
0.667280
0.875493
0.792355
0.833742
0.834063
0.791792
0.834050
0.875894
0.750749
0.750495
0.791942
0.792486
0.834166
0.792560
0.834027
0.875430
