0.208770
0.555924
0.208617
0.666927
0.250821
0.777878
0.250113
0.889256
0.292454
1.000163
0.292265
0.292093
0.292035
0.333461
0.333809
0.334141
0.333760
0.375760
0.375714
0.375538
0.417080
0.375403
0.416873
1.000828
0.417170
0.416981
0.417012
0.417238
0.417279
0.458795
0.416832
1.000150
0.459063
0.458683
0.458644
0.458984
1.000349
0.500324
0.458452
0.500237
0.458720
0.458950
0.500563
0.500655
1.000644
0.500138
0.500563
0.458504
0.500797
0.500376
1.000608
0.541977
0.500680
0.500715
0.500239
0.541950
0.541796
0.583817
0.542422
0.583976
0.500846
0.584154
0.542359
0.584009
0.583603
1.000103
0.583760
0.583852
0.583660
0.583778
0.583989
0.625613
0.583495
0.625318
1.000368
0.625706
0.583689
0.625831
0.625776
0.666920
1.000307
0.625484
0.667130
0.584220
0.625299
0.625602
0.666937
0.625328
0.666853
1.000125
0.625871
0.666798
0.625845
0.667329
1.000707
0.666881
0.625665
0.666900
0.625633
0.667559
0.625579
0.625389
0.625605
0.667307
0.625607
0.625873
0.667113
1.000863
0.625803
0.666989
0.625216
0.666877
0.625706
0.667246
0.625197
1.000105
0.625282
0.625367
0.667000
0.667034
1.000392
0.625304
0.667066
0.625338
0.667533
0.625206
0.667119
0.625632
0.667006
1.000185
0.667290
0.667485
0.625474
0.625329
0.667226
1.000180
0.625301
0.666772
0.625143
0.666871
0.625327
0.666925
0.625315
0.666800
0.667405
0.667079
0.666805
0.666787
0.709013
1.000372
0.667055
0.708505
0.667242
0.667354
0.667076
0.708875
0.667460
1.000761
0.708607
0.625233
0.667513
0.709131
0.666818
1.000420
0.666893
0.667277
0.667167
0.667094
0.708948
0.667210
0.708865
0.667509
1.000702
0.667413
0.667542
0.708874
0.666925
0.708447
1.000561
0.709171
0.667052
0.667515
0.666776
0.709194
0.667302
0.667085
0.667169
0.708862
0.625279
0.667343
1.000662
0.666892
0.667241
0.667380
0.708879
0.625700
0.667090
1.000146
0.666894
0.666805
0.667256
0.667326
0.709214
0.667058
1.000505
0.709189
0.667498
0.667330
0.709202
0.667159
0.708934
0.667020
1.000441
0.667276
0.666981
0.666843
0.666794
0.709050
0.667272
0.708640
1.000493
0.625367
0.667099
0.666834
0.666847
0.709211
0.667434
0.625503
0.666791
0.709229
0.667208
1.000613
0.708988
0.667188
0.708438
0.666927
0.667144
0.709169
1.000823
0.708779
0.708762
0.667190
0.709033
0.667436
0.708566
0.666780
1.000845
0.666927
0.667397
0.708884
0.667134
0.708656
0.667485
0.667466
0.667057
1.000898
0.667444
0.708591
0.667168
0.709134
0.666920
1.000143
0.708848
0.625808
0.667231
0.708852
0.666834
0.708475
0.667122
0.709224
0.667154
1.000783
0.708848
0.666954
0.708986
0.667314
0.708634
0.667264
0.709141
0.666797
1.000248
0.667041
0.667020
0.666833
0.708607
0.667311
0.708498
0.666817
1.000802
0.667233
0.709185
0.708488
0.708942
0.667133
0.709196
1.000274
0.709218
0.708463
0.666982
0.708774
0.666787
0.709036
0.666990
1.000535
0.709224
0.667542
0.708615
0.666958
0.667240
0.708523
0.666988
0.709055
0.667131
1.000576
0.709121
0.667304
0.708653
0.667519
0.709022
0.708554
1.000519
0.667307
0.708609
0.666894
0.708539
0.666905
0.708735
0.666858
0.708601
0.667283
1.000531
0.708622
0.667086
0.709088
0.667390
0.667077
0.709064
1.000105
0.667268
0.667071
0.666862
0.709156
0.666892
0.708892
1.000498
0.666780
0.708630
0.667384
0.667533
0.709218
0.667505
0.708818
0.708958
0.666881
1.000612
0.667398
0.667019
0.666780
0.709156
0.667187
0.708963
1.000454
0.667376
0.666816
0.708642
0.667199
0.708793
0.666806
0.708871
0.666827
0.708777
0.708966
1.000883
0.708903
0.666958
0.708815
0.708916
0.667155
0.708632
1.000549
0.667140
0.666904
0.708467
0.666865
0.667019
0.708979
1.000829
0.667271
0.667326
0.667418
0.666892
0.708723
0.666972
0.709168
0.708773
0.708848
1.000466
0.667466
0.708887
0.708437
0.709193
0.667564
0.708970
1.000843
0.708900
0.667495
0.667091
0.666916
0.667083
0.708957
0.667365
0.709123
0.709095
0.709066
1.000888
0.666880
0.708812
0.667484
0.709052
0.666905
0.709002
1.000844
0.667194
0.709208
0.667445
0.709200
0.708822
0.708678
1.000766
0.666809
0.708682
0.667392
0.666806
0.667551
0.709002
0.667273
1.000813
0.708527
0.667422
0.708662
0.667384
0.708888
0.708552
0.708912
0.667054
1.000206
0.667359
0.667432
0.708457
0.667177
0.708437
0.667359
0.708788
0.667198
0.709000
1.000332
0.708831
0.666922
0.667243
0.708697
0.666965
0.709158
0.666856
1.000337
0.709143
0.667425
0.709177
0.667389
0.709185
0.667366
1.000151
0.709003
0.667021
0.708603
0.708681
0.667308
0.667043
1.000140
0.708840
0.667066
0.667217
0.667176
0.708526
0.708438
0.708474
0.667426
1.000337
0.667205
0.666782
0.709148
0.667469
0.708646
0.667406
0.709225
0.667217
0.708982
0.667417
1.000494
0.708804
0.667369
0.708627
0.708855
0.708805
0.667214
0.709025
0.709053
1.000288
0.666835
0.709093
0.667361
0.708801
0.708743
1.000304
0.667227
0.667082
0.708678
0.667086
0.667319
0.709117
1.000434
0.667233
0.709019
0.667314
0.708739
0.667345
0.708631
0.666821
0.708862
1.000691
0.708859
0.666997
0.667551
0.708481
0.709035
0.667198
0.709073
0.667188
0.709053
1.000807
0.667048
0.708848
0.667042
0.709024
0.667385
0.667502
0.708540
0.666830
0.708688
1.000759
0.667514
0.709022
0.667092
0.708967
1.000436
0.667398
0.708745
0.708966
0.709119
0.709173
1.000424
0.667078
0.708603
0.667075
0.708793
0.667539
0.709174
0.666966
0.708827
0.667327
0.708540
1.000775
0.666942
0.667148
0.708899
0.667561
0.708750
0.667339
0.708491
0.667338
1.000531
0.708438
0.667127
0.709190
0.708972
0.709129
0.709021
0.666816
0.708862
1.000574
0.667556
0.709187
0.667552
0.708593
1.000362
0.667112
0.708565
0.666969
0.708977
0.667292
0.709197
1.000750
0.667167
0.666905
0.708665
0.666832
0.708566
0.667315
0.709071
0.666957
0.708752
0.708702
0.708628
1.000779
0.708658
0.667500
0.709008
0.666779
0.709217
0.666971
0.708919
1.000873
0.666924
0.708905
0.666898
0.708853
0.666783
0.708697
0.667389
0.708994
1.000889
0.667352
0.667178
0.708822
0.667491
0.709076
1.000554
0.666823
0.708824
0.708725
0.667013
0.709143
1.000660
0.667208
0.709022
0.667551
0.708808
0.667131
0.709230
0.667125
0.709001
0.667249
0.708764
0.709159
0.708587
1.000563
0.667112
0.666937
0.667493
0.708601
0.667498
0.709148
1.000854
0.708776
0.667070
0.709111
0.708618
0.667524
0.709168
0.667342
0.708682
1.000281
0.667252
0.708442
0.667389
0.708707
0.709226
0.708631
1.000738
0.667556
0.708989
0.667172
0.708906
1.000186
0.708765
0.667393
0.667316
0.709110
0.667564
0.708908
0.666812
0.667495
0.708822
0.709232
0.708704
1.000792
0.709110
0.667222
0.709082
0.667378
0.708664
0.666864
1.000892
0.709150
0.666873
0.667381
0.666957
0.708533
0.666779
0.708461
0.666856
0.709001
1.000534
0.667328
0.709087
0.667532
0.708821
0.667170
0.709075
1.000485
0.708511
0.709120
0.708746
1.000567
0.709119
0.667351
0.708792
0.667329
0.667006
0.666974
0.708808
0.667237
0.708739
0.708800
0.667154
0.667179
1.000281
0.709010
0.667278
0.666960
0.667371
0.709034
0.709194
0.750338
1.000463
0.667382
0.708637
0.667517
0.708651
0.666812
0.708768
0.667062
0.709166
1.000748
0.667529
0.709052
0.667199
0.708754
0.667148
0.709105
1.000629
0.667522
0.708776
0.666801
0.708755
1.000830
0.667213
0.667270
0.667273
0.708592
0.709130
0.708745
0.667526
0.709091
0.667316
0.708755
0.667239
0.709186
1.000372
0.667457
0.709232
0.667374
0.708619
0.667498
0.708889
1.000248
0.667316
0.666854
0.667236
0.708564
0.667526
0.708631
0.666852
0.708735
1.000332
0.708841
0.666998
0.709112
0.708544
0.667505
0.708470
1.000108
0.667016
0.709230
0.667432
0.709233
1.000418
0.667104
0.709186
0.667357
0.666995
0.667517
0.708831
0.667181
0.667448
0.708487
0.667329
0.667198
0.708575
0.666998
1.000662
0.708534
0.708863
0.709081
0.708836
0.667428
0.667022
1.000734
0.667307
0.667133
0.709006
0.667344
0.708807
0.666789
0.709007
1.000339
0.666788
0.666859
0.709010
0.667540
0.667450
0.708438
1.000824
0.667048
0.667186
0.667373
0.708768
0.666948
1.000337
0.708909
0.708846
0.667565
0.667343
0.625142
0.667413
0.666946
0.709137
0.666868
0.666780
0.708877
0.667234
0.709019
1.000321
0.666808
0.667375
0.709228
0.667047
0.667396
0.708521
0.666824
1.000703
0.667537
0.708496
0.625628
0.667018
0.708915
1.000434
0.709019
0.709096
0.667338
0.667028
0.708709
0.667337
0.708471
1.000418
0.667183
0.666984
0.708655
0.667284
1.000330
0.709098
0.666951
0.666783
0.708520
0.666993
0.667391
0.708515
0.667273
0.667221
0.666935
0.667330
0.708691
0.666906
0.709059
1.000885
0.708824
0.667074
0.667086
0.708609
0.666937
0.708524
0.667204
1.000546
0.667427
0.708909
0.667530
0.708710
1.000792
0.666952
0.667560
0.708556
0.666817
0.708612
0.708573
0.666903
0.708838
1.000864
0.666984
0.666878
0.708851
0.667153
1.000774
0.667442
0.708959
0.667267
0.667427
0.708549
0.666774
0.708613
0.667059
0.708611
0.667037
0.667496
0.709057
0.666897
1.000505
0.667354
0.708840
0.667064
0.709206
0.667167
0.667187
0.708456
0.667346
1.000659
0.666925
0.708617
0.667290
1.000476
0.708728
0.666908
0.667530
0.708602
0.708450
0.708922
0.709102
1.000778
0.667371
0.709110
0.625157
0.666863
0.708488
0.667094
1.000127
0.667445
0.708891
0.667198
0.708899
0.625164
0.667496
0.708872
0.667231
0.667116
0.708894
0.667010
0.708542
0.667386
1.000527
0.667398
0.708629
0.709155
0.709206
0.708592
0.666857
0.709223
1.000748
0.667526
0.709101
0.667219
1.000736
0.667492
0.667316
0.709123
0.625353
0.667342
0.709001
0.709144
0.708641
1.000334
0.667541
0.666903
0.709105
0.667205
0.708919
0.667099
1.000782
0.709027
0.666919
0.708742
0.667192
0.708782
0.666997
0.708832
0.667274
0.708753
0.667156
0.708788
0.667046
1.000357
0.708440
0.666881
0.708615
0.667323
0.708438
0.708868
0.708765
0.667339
0.708778
0.667306
0.888995
0.708753
1.000775
0.667445
0.709192
0.667127
0.708645
0.709074
0.708588
1.000464
0.666916
0.709014
0.667479
0.708812
0.666946
0.708853
0.667465
0.709001
1.000874
0.666944
0.666792
0.667548
0.708726
0.666974
0.708971
0.667064
0.667409
0.666836
0.708503
0.666954
1.000708
0.708510
0.667273
0.708917
0.709188
0.708898
1.000144
0.708600
0.667071
0.666965
0.708963
0.667220
0.709212
1.000542
0.666799
0.666925
0.666828
0.709165
0.709159
0.708468
1.000209
0.667518
0.708450
0.667168
0.708591
0.667320
0.709132
0.667567
0.709056
1.000869
0.666954
0.708864
0.708479
0.709127
0.708547
0.625101
0.667125
0.708591
0.666934
0.709096
0.667123
0.709130
1.000416
0.708769
0.667105
0.708782
0.667260
0.667166
1.000380
0.708853
0.667201
0.708823
0.667137
0.708884
1.000891
0.667295
0.666972
0.667456
0.708962
0.708461
1.000759
0.709149
0.667225
0.667471
0.667376
0.709005
0.667471
0.708600
0.667496
0.708505
1.000129
0.708719
0.667535
0.708779
0.667388
0.667074
0.709128
0.667081
0.709140
0.666942
0.709167
0.667108
0.708997
0.708738
1.000893
0.708988
0.708466
0.708631
0.708878
0.708995
1.000325
0.708737
0.667244
0.667450
0.708641
1.000386
0.667222
0.666879
0.708886
0.667151
0.708617
1.000582
0.709104
0.708586
0.625128
0.667258
0.708893
0.667490
0.708440
0.667133
0.708531
1.000840
0.709141
0.667429
0.708678
0.667467
0.708850
0.667045
0.708531
0.666828
0.666806
0.708756
0.667132
0.708950
0.666973
0.709006
1.000103
0.709094
0.667452
0.667223
0.708679
1.000169
0.708572
0.666883
0.708655
0.708600
1.000708
0.667448
0.666856
0.709048
0.708681
0.708621
1.000655
0.666922
0.708483
0.667566
0.708490
0.667233
0.708711
0.625254
0.667294
0.708750
1.000577
0.666859
0.666801
0.709117
0.625766
0.666804
0.667311
0.708984
0.667260
0.709224
0.667386
0.709065
0.666874
0.708475
0.709232
0.709149
1.000823
0.708522
0.667296
0.708604
0.750376
1.000385
0.625426
0.667091
0.667051
0.708816
1.000891
0.667328
0.667304
0.708952
0.708512
0.666981
1.000711
0.708546
0.666864
0.708910
0.666917
0.709076
0.666994
0.709077
0.667399
1.000147
0.708909
0.709173
0.666855
0.708908
0.667422
0.708444
0.625662
0.667151
0.666948
0.666805
0.709103
0.667275
0.708796
0.666920
0.708524
0.708787
1.000815
0.709061
0.708505
0.709227
1.000142
0.709117
0.708540
0.666907
0.708794
0.667024
1.000882
0.709021
0.708534
0.709049
1.000735
0.709010
0.625655
0.667490
0.708684
0.667176
0.667501
0.666780
0.709228
0.666883
1.000151
0.709097
0.667391
0.708847
0.666784
0.667482
0.709201
0.667499
0.708976
0.666806
0.709160
0.625685
0.667490
0.708467
0.709158
0.708717
1.000390
0.667474
0.708504
0.708824
0.667289
1.000806
0.666934
0.708711
0.667396
0.708851
0.667454
0.708997
1.000531
0.667449
0.709113
1.000582
0.667312
0.667270
0.708529
0.667330
0.708852
0.625163
0.667262
0.666928
0.708535
0.667189
1.000846
0.708458
0.625555
0.667438
0.667075
0.709179
0.667346
0.708812
0.625437
0.667068
0.708718
0.667271
0.709013
0.666881
0.708555
0.708900
0.709111
1.000653
0.708782
0.708990
0.750334
1.000195
0.667027
0.708763
0.667424
0.709112
0.667159
1.000453
0.708474
0.667261
1.000875
0.709220
0.667286
0.708864
0.625758
0.666794
0.667143
0.708870
0.667173
0.709146
0.709172
1.000791
0.667184
0.667285
0.708439
0.667306
0.708618
0.709116
0.708725
0.667300
0.708873
0.667293
0.709062
0.667467
0.708490
0.667252
0.709013
1.000548
0.708472
0.709053
0.666909
0.708447
0.667373
0.709095
0.667211
0.708898
1.000788
0.708453
0.708535
1.000395
0.709166
1.000141
0.708619
0.667117
0.708992
0.708624
0.708523
0.667510
0.708507
0.667149
0.708911
0.667280
1.000208
0.667072
0.667181
0.708598
0.667558
0.708627
0.667380
0.708463
0.666780
0.667522
0.666810
0.709053
0.667384
0.708921
0.708718
0.708939
0.708941
1.000486
0.708434
0.708874
0.708860
0.666953
0.709224
0.708619
0.708810
1.000181
0.666896
0.708884
0.667229
0.889595
1.000264
0.709004
0.666879
0.709011
0.667502
0.708536
0.667538
0.708982
0.666900
0.709218
0.667271
1.000277
0.709038
0.667089
0.709098
0.666856
0.666794
0.708805
0.625575
0.666794
0.708446
0.666869
0.666980
0.708437
0.667054
0.667357
0.708517
0.708850
1.000341
0.708980
0.666990
0.708838
0.667084
0.708768
0.666950
0.708686
0.708871
0.889143
0.708435
0.709004
1.000239
0.708940
1.000848
0.667511
0.666795
0.667379
0.666800
0.708489
0.625284
0.667275
0.666850
1.000296
0.709044
0.625397
0.666966
0.708532
0.666854
0.708717
0.667282
0.667095
0.666797
0.709172
0.667500
0.708781
0.667040
0.708550
0.709034
0.709145
0.667038
0.709036
1.000583
0.708844
0.667076
0.708864
0.667121
1.000438
0.708676
0.625488
0.667160
0.708860
0.708529
0.708911
0.889612
1.000807
0.667541
0.708456
0.666772
0.666829
0.708740
0.667288
0.667157
0.708770
1.000559
0.667091
0.709118
0.709166
0.667207
0.667252
0.667411
0.709145
0.667055
0.708760
0.667089
0.667364
0.667524
0.709110
0.666902
0.708633
0.708698
0.708962
0.667393
0.708794
1.000306
0.667216
0.708701
0.666947
0.667239
0.889262
0.708676
0.667546
1.000894
0.709067
0.708749
0.708887
1.000258
0.666967
0.667153
0.709032
0.667452
0.708664
0.667277
0.708607
0.667324
0.708466
1.000871
0.667282
0.709143
0.666872
0.667482
0.666940
0.709068
0.667308
0.708967
0.625140
0.666958
0.708434
0.666987
0.709097
0.708707
0.708896
0.709077
0.667034
0.708730
0.889148
0.709154
1.000554
0.708793
0.667074
0.708686
0.667012
0.708971
0.667530
1.000519
0.708728
0.667562
1.000489
0.708443
0.667472
0.708929
0.625825
0.666845
0.708763
0.667234
0.709046
0.667136
0.709092
1.000714
0.667356
0.667289
0.708521
0.667019
0.708799
0.667122
0.708982
0.667291
0.708710
0.666970
0.708517
0.667350
1.000556
0.708762
0.667088
0.708852
0.667514
0.667383
0.708848
0.667104
1.000726
0.708753
0.666799
0.708984
0.667165
0.708795
1.000318
0.666977
1.000831
0.666843
0.708458
0.667288
0.709032
0.666879
0.709207
0.666931
0.708901
0.667289
0.709123
1.000844
0.667492
0.709207
0.667294
0.708815
0.667069
0.666815
0.709233
0.667017
0.709098
0.667181
0.709021
0.667257
0.667500
0.667386
1.000342
0.667099
0.708615
0.667227
0.708976
0.666879
0.708970
1.000667
0.667400
0.708769
0.667446
0.709040
1.000600
0.667114
0.708763
1.000489
0.667058
0.708688
0.667130
0.708452
0.667403
0.667432
0.708501
0.709069
0.708549
0.667499
0.667017
1.000803
0.667190
0.666951
0.708956
0.667432
0.667282
0.667470
0.708758
0.667025
0.708449
0.666828
0.708459
0.667416
0.708830
1.000805
0.667222
0.708530
0.667019
0.709218
0.667252
0.667310
0.708673
0.666815
0.708996
1.000176
0.667481
1.000730
0.667478
0.708463
0.667329
1.000262
0.709166
0.666952
0.667112
0.708888
0.666817
0.666828
0.708792
0.667142
0.708753
0.667141
0.708870
1.000445
0.666990
0.708467
0.667017
0.709112
0.625230
0.667269
0.709097
0.667382
0.667012
0.666871
0.667431
0.708441
0.666946
1.000678
0.709071
0.666858
0.667374
0.708834
0.667020
0.708974
0.709019
0.667365
0.708629
0.889625
0.667427
0.708987
1.000312
0.666947
1.000228
0.709083
0.667292
0.708785
0.667449
0.709209
0.666997
0.666779
0.667244
0.708528
0.667394
0.709157
1.000298
0.667258
0.709165
0.667145
0.667036
0.709003
0.667236
0.708511
0.625269
0.667489
0.709051
0.667522
0.708954
0.666780
1.000692
0.708815
0.667334
0.708437
0.667328
0.709128
0.667420
1.000387
0.708679
0.667303
0.708695
0.667243
0.708982
1.000840
0.667337
1.000476
0.709096
0.667536
0.666834
0.709028
0.625447
0.667104
0.708797
0.666783
0.708848
0.667299
0.709172
1.000333
0.667255
0.708893
0.667013
0.708713
0.666807
0.708446
0.667051
0.709035
0.667474
0.708571
0.666855
0.708587
0.667440
0.708784
1.000730
0.667188
0.667057
0.708834
0.667564
0.708586
0.667136
1.000165
0.667514
0.709150
0.667169
0.708744
1.000833
1.000117
0.666810
0.709104
0.667017
0.708965
0.667097
0.708929
0.666778
0.708805
0.667276
0.708729
0.666940
0.708850
0.667200
1.000362
0.667337
0.667073
0.667379
0.708833
0.667495
0.708536
0.666767
0.709159
0.667022
0.667136
0.709224
0.666970
0.708720
1.000494
0.667280
0.708652
0.667177
0.708990
0.708523
0.709094
0.708722
1.000520
0.708790
0.667067
0.709225
0.708499
0.889585
1.000265
0.667249
0.708663
0.667193
0.708685
0.667303
0.708672
0.667418
0.708898
0.667108
0.709085
0.667158
0.667363
0.708655
1.000482
0.667566
0.708941
0.667542
0.708946
0.667493
0.708820
0.708704
0.708450
0.667014
0.708992
0.667204
0.709037
1.000160
0.667195
0.667436
0.709089
0.667360
0.708785
0.666852
0.708653
0.667370
0.889611
0.708892
0.667222
1.000388
0.667566
0.708741
1.000779
0.709029
0.667296
0.667028
0.709029
0.667004
0.708670
0.667075
0.708597
0.667390
0.709012
0.666948
0.708504
1.000438
0.667385
0.667441
0.708830
0.667013
0.708978
0.667020
0.708473
0.666863
0.708772
0.667026
0.709133
0.666928
1.000818
0.708789
0.667216
0.667484
0.709097
0.708761
1.000613
0.708826
