0.208770
0.555924
0.208617
0.666927
0.250821
0.777878
0.250113
0.208701
0.250788
0.889051
0.250598
0.292093
1.000369
0.250127
0.250475
0.292475
1.000426
0.250760
0.292380
1.000538
0.208746
0.250403
1.000207
0.250828
0.250503
0.250315
0.292012
0.250572
1.000613
0.292129
0.291832
0.250150
0.292397
0.292016
1.000311
0.292318
0.250349
0.291990
1.000118
0.250237
0.292053
1.000617
0.250563
0.250655
0.292311
1.000138
0.250563
0.291837
0.250797
0.292043
1.000608
0.291977
0.250680
0.292381
0.291905
0.291950
1.000130
0.250484
0.292422
0.250642
1.000846
0.292487
0.250692
1.000676
0.250269
0.250103
0.292093
1.000519
0.250326
0.292112
0.292322
0.250613
1.000162
0.291985
0.250368
0.292372
0.250356
1.000831
0.292443
0.291920
0.291974
0.250484
1.000464
0.292554
0.291966
1.000602
0.250270
0.250328
0.291853
1.000125
0.292537
0.250131
0.292512
0.250663
1.000707
0.291881
0.292332
0.250234
0.250633
0.292559
0.292245
0.292055
0.889494
0.292307
0.250607
0.292539
0.889335
0.250863
0.292470
0.291989
0.889105
0.291877
0.250706
0.292246
0.291864
0.888994
0.291949
0.292034
0.292000
0.292034
0.889281
0.291971
0.292066
0.292004
0.292533
0.889095
0.292119
0.292299
0.292006
0.889074
0.292290
0.250818
0.292140
0.291995
0.889448
0.291847
0.291968
1.000105
0.291809
0.250204
0.291994
1.000259
0.291981
0.250133
1.000738
0.250412
0.250138
0.291787
1.000679
0.250372
0.292055
0.250172
0.292242
1.000687
0.292076
0.250542
0.292460
0.292428
0.291941
1.000233
0.250846
0.292464
0.250151
1.000420
0.291893
0.250610
1.000500
0.250427
0.250615
0.292210
1.000532
0.250842
0.292369
0.292413
0.250875
1.000540
0.291925
0.250113
0.292227
0.250837
0.292052
0.292515
0.291776
0.250860
0.889525
0.292085
0.292169
0.889418
0.250279
0.250676
0.292328
0.889115
0.292241
0.250713
0.292212
0.250700
0.889312
0.291813
0.291894
1.000138
0.250589
0.250659
0.292547
0.292058
0.292172
0.292522
0.889720
0.292330
0.292535
0.889381
0.250600
0.292020
0.250441
0.292276
0.889203
0.291843
0.291794
0.292383
0.292272
1.000307
0.250493
1.000367
0.250432
0.291834
0.250180
1.000878
0.250768
0.292170
1.000124
0.250895
0.250541
0.292280
0.250655
1.000522
0.291771
0.291927
0.250477
0.292503
0.292490
0.292113
0.250428
0.292190
0.889588
0.250769
0.291900
0.889002
0.250845
0.250260
0.292397
0.889440
0.208800
0.250323
0.292485
0.292466
0.889279
0.250898
0.292444
0.250258
0.292168
1.000801
0.250253
0.291810
0.292181
0.889697
0.292231
0.250519
0.291834
0.291808
0.889344
0.292557
0.292154
1.000783
0.250514
0.291954
0.250652
0.292314
1.000301
0.292264
0.292474
0.291797
0.291915
0.889263
1.000354
0.250166
0.250274
0.292311
0.250165
0.291817
1.000802
0.250566
0.292518
0.291821
1.000609
0.250466
0.292529
0.250274
0.292552
1.000130
0.291982
0.292107
1.000121
0.250703
0.291990
0.250535
1.000890
0.250876
0.291949
0.250291
0.292240
0.291856
1.000322
0.292388
0.292131
0.292242
1.000788
0.250638
0.291986
0.292519
1.000688
0.250221
0.292185
0.250640
1.000276
0.291894
0.250206
0.291905
1.000401
0.250191
0.291935
0.292283
0.292198
0.291955
1.000420
0.292422
0.292390
0.292077
1.000731
0.291772
0.250601
0.292071
1.000195
0.250823
0.291892
0.292226
1.000498
0.291780
0.250297
0.292384
1.000866
0.292552
0.250839
0.292151
0.292292
0.291881
1.000612
0.250731
0.292019
0.250113
0.292489
0.250520
0.292297
0.889343
0.292376
0.291816
0.291975
0.889421
0.250460
0.291806
0.250537
0.889050
0.292110
0.250632
0.292550
0.292236
0.291958
0.889370
0.292250
0.292155
0.291966
0.889438
0.250473
0.291904
0.250134
0.889087
0.292019
0.250646
0.292496
0.292271
0.889548
0.292418
0.291892
0.292056
0.291972
0.889723
0.292106
0.292181
1.000466
0.250799
0.292220
0.250104
1.000860
0.292564
0.250636
1.000843
0.250567
0.250828
0.292091
1.000250
0.250416
0.292290
0.292365
0.250790
1.000761
0.292399
0.250888
0.291880
0.250479
0.292484
0.292385
1.000238
0.292336
0.250844
0.292194
0.292541
0.889667
0.292534
0.292155
0.889233
0.250766
0.291809
0.250348
0.292392
0.889029
0.292551
0.292336
0.292273
0.292479
0.250194
1.000756
0.291996
0.250717
1.000554
0.250219
0.250579
0.292054
0.250206
0.889581
0.292432
0.291790
0.250511
0.291770
0.889581
0.292121
0.292198
1.000667
0.250332
0.292164
0.250255
0.292243
0.292030
1.000298
0.292492
0.291856
1.000337
0.292476
1.000758
0.250844
0.250722
0.292519
0.250699
1.000151
0.292336
0.250354
0.291936
0.292014
1.000641
0.292043
0.291807
0.250506
0.292066
0.250551
0.292176
0.291859
0.291772
0.889030
0.250759
0.889226
0.292205
0.250115
0.292481
0.250802
0.889202
0.292406
0.292559
0.292217
0.292315
0.889639
0.292161
0.292138
1.000702
0.250293
0.292189
0.250472
0.292214
0.292358
0.889608
0.291955
0.291835
0.292426
0.250694
0.889357
0.292077
0.291971
0.292227
0.292082
0.889234
0.292086
0.292319
1.000784
0.250434
0.292233
0.250686
1.000647
0.292073
1.000678
0.250297
0.250155
0.250528
0.292358
1.000526
0.291997
0.250885
0.291814
0.250702
1.000532
0.292406
0.292188
0.292387
0.292474
0.292048
1.000514
0.292042
0.250691
0.292385
0.250835
0.291873
0.889053
0.250355
0.292425
0.292514
0.889578
0.250426
0.292300
0.250436
0.292398
0.889300
0.292300
0.292453
0.292506
1.000424
0.292078
0.250270
0.292075
1.000459
0.250872
0.292507
0.291966
0.292160
0.250661
0.889095
0.292441
0.291942
1.000481
0.250566
0.250894
0.292083
0.292339
1.000158
0.292338
0.292197
0.250105
0.292127
1.000856
0.292305
0.292463
1.000688
0.250150
0.292196
0.250574
1.000889
0.292520
0.250886
0.291926
0.292029
1.000445
0.291898
0.291969
0.250644
0.292292
0.250863
0.292417
0.292167
0.291905
0.889220
0.250166
0.889121
0.292315
0.250738
0.291957
0.250419
0.889257
0.291962
0.292446
1.000324
0.250834
0.250675
0.291779
0.292550
0.291971
1.000586
0.292539
0.250258
0.292238
0.291898
0.889409
0.291783
0.292030
1.000723
0.292327
0.250889
0.292352
0.292178
0.292155
0.292491
0.889631
1.000554
0.250156
0.292157
0.250392
0.292013
0.250810
1.000660
0.292208
1.000689
0.250884
0.250475
0.250464
0.292563
0.292125
1.000668
0.292249
0.292097
0.250826
1.000254
0.292229
0.250445
0.291937
1.000826
0.250268
0.292498
0.292481
0.292520
0.250442
0.292070
0.889667
0.291952
0.250857
0.292501
1.000675
0.250349
0.291948
0.292252
0.291775
0.250722
0.889263
0.292560
0.291964
0.292404
0.889779
0.250656
0.292172
0.292239
0.889075
0.250432
0.292393
0.250649
0.292444
0.292564
1.000575
0.291812
0.292495
1.000489
0.292566
0.250371
0.292459
0.292444
0.292222
0.889638
0.292378
1.000331
0.250198
1.000892
0.250816
0.250207
0.292381
0.250290
0.291866
0.291779
0.291794
0.291856
1.000668
0.250534
0.292328
0.250754
0.292532
0.889377
0.292170
0.292409
0.292151
0.889067
0.292454
0.250413
0.889456
0.250786
0.292351
0.250459
0.292329
1.000340
0.291974
0.292141
0.292237
0.292072
0.250467
0.889376
0.292179
0.250281
0.292344
0.889501
0.250293
0.292371
0.250701
0.889750
0.250338
0.292129
0.250715
0.291970
1.000850
0.291985
0.291812
1.000435
0.250395
0.292499
0.250748
1.000862
0.250718
0.292199
1.000421
0.250481
0.250772
0.292295
1.000855
0.250443
0.291801
0.250422
0.250830
0.292213
0.250603
0.250607
0.291925
0.250797
0.889300
0.250859
0.292424
0.292316
0.889311
0.250573
0.292520
0.889261
0.250790
0.250898
0.292374
0.889175
0.250831
0.292222
0.250248
0.292316
0.291854
1.000569
0.291897
0.292526
1.000298
0.250186
0.292069
0.250332
0.292174
0.291998
0.889668
0.291878
0.292505
0.291804
0.888997
0.250350
0.292563
0.292432
0.292566
1.000418
0.292104
0.250852
0.292357
1.000328
0.250851
0.292165
1.000514
0.250782
0.291820
1.000662
0.250531
0.250241
0.291998
1.000662
0.250201
0.292196
0.250747
0.292169
0.292428
0.292022
1.000734
0.292307
0.292133
0.292339
0.292344
1.000474
0.291789
0.250674
1.000339
0.291788
0.250192
1.000677
0.250874
0.250783
0.291772
1.000824
0.250381
0.292186
0.292373
0.250434
0.291948
0.292004
1.000576
0.292179
0.250899
0.292343
0.250142
0.292413
0.250279
0.889692
0.291868
0.291780
0.889433
0.250567
0.250686
0.291988
0.889030
0.292375
0.250895
0.292047
0.250730
0.291854
0.291824
0.889592
1.000870
0.250162
0.250628
0.292018
0.250582
0.292101
0.292352
0.889652
0.292338
0.292028
0.292042
0.889559
0.291804
0.250418
0.292183
1.000317
0.250321
0.292284
0.291997
0.292432
0.250285
0.889005
1.000186
0.250326
0.292391
0.250181
1.000606
0.250554
0.291935
0.292330
1.000357
0.250239
0.292392
0.250885
0.292157
0.250407
1.000419
0.291943
0.291937
1.000190
0.292204
0.250546
0.292427
0.292242
1.000864
0.292043
0.292459
0.291952
1.000894
0.291889
0.250150
0.291945
1.000239
0.250236
0.292171
0.292531
0.291984
0.250211
1.000518
0.292153
0.292441
1.000776
0.250626
0.250600
0.292427
0.291883
1.000107
0.291946
0.292059
0.250278
1.000370
0.292496
0.250724
0.291897
1.000505
0.250688
0.292173
0.292064
0.292539
0.250500
0.292187
0.291789
0.889568
0.292326
0.291925
1.000283
0.250623
0.292143
0.250394
0.291908
0.889752
0.291936
0.291784
0.292255
0.292436
0.889667
0.250705
0.292443
0.250157
0.291863
0.889043
0.292094
0.250127
0.250778
1.000558
0.250532
0.292232
0.291831
0.292496
0.889427
0.250564
0.292116
0.292227
0.889232
0.250208
0.292386
0.250527
