0.208770
0.555924
0.208617
0.666927
0.250821
0.777878
0.250113
0.889256
0.292454
1.000163
0.292265
0.250426
0.292035
0.333461
0.333809
0.292475
0.333760
0.334093
0.334047
0.333871
0.375413
0.333737
1.000207
0.375828
0.375503
0.375315
1.000345
0.375572
0.417279
0.375462
0.375165
0.416817
0.375730
1.000349
0.375311
0.417318
0.417016
1.000324
0.416785
0.416903
0.417053
0.417283
0.417229
0.458988
1.000644
0.416805
0.417230
0.416837
0.459131
0.417043
0.458942
0.458644
0.417347
0.459048
0.458572
0.458616
0.458463
0.458817
0.500755
1.000642
0.459179
0.459154
0.459025
0.500676
0.458603
0.500103
0.458760
1.000519
0.458660
0.500445
0.458989
1.000613
0.500162
0.458651
0.500368
1.000706
0.458689
0.500831
0.500776
0.500253
0.500307
0.500484
0.542130
1.000887
0.458632
0.500602
0.458603
0.458662
0.500186
0.458458
0.500871
0.458465
0.500845
0.500663
0.459040
0.500215
1.000665
0.500234
0.500633
0.459225
0.500579
0.458722
0.458938
0.500640
0.500607
1.000873
0.500446
0.500863
1.000803
0.500322
0.500216
1.000210
0.459040
0.500580
0.500197
0.500105
0.458615
0.500367
0.458667
1.000368
0.458726
0.500304
0.500399
0.500338
0.459200
0.500206
0.500452
0.500632
0.500340
0.500185
0.500624
1.000818
0.458807
0.500329
0.500559
0.500180
0.500301
0.500105
0.541809
0.541871
0.458660
0.500259
1.000315
0.541800
0.542405
1.000412
0.500138
0.541787
1.000679
0.458705
0.500388
0.500172
0.542242
0.459020
0.500409
0.500542
0.500793
1.000761
0.500274
0.500233
0.500846
0.500798
0.500151
0.500420
0.458560
0.500610
0.500500
0.500427
1.000615
0.458877
0.500532
0.500842
0.500702
0.500746
0.500875
0.500540
0.541925
0.500113
1.000561
0.500837
0.500385
0.500849
0.888998
0.500860
1.000636
0.500418
0.458836
0.500529
0.500279
0.542343
0.500662
0.541892
1.000574
0.459046
0.500546
0.459034
0.500423
0.500146
0.500228
0.458471
0.500589
0.542326
0.459214
0.500391
0.500505
1.000855
0.500832
0.500663
0.459202
0.500492
0.500600
0.500354
0.500441
0.542276
0.541981
0.889065
1.000127
0.500717
0.500605
0.500307
1.000493
0.500367
0.500432
0.500167
0.500180
0.542545
0.459101
0.500503
0.541791
1.000895
0.500541
0.500613
0.500655
0.500522
0.500105
0.500260
0.500477
0.500836
0.542490
0.500446
1.000428
0.500524
0.500700
0.500769
0.500233
0.500114
0.500845
1.000260
0.500730
0.500551
0.542134
1.000323
0.500818
0.500799
0.500390
0.500898
0.500777
0.500258
1.000502
0.459134
0.500253
0.500143
0.500514
0.500808
0.542231
1.000519
0.500168
0.500142
0.500455
0.500891
0.500488
0.542450
0.458848
0.500287
0.458986
0.500647
0.500301
1.000598
0.542474
0.458464
0.500248
0.500374
0.500354
0.541833
1.000274
0.458977
0.500165
0.500151
1.000802
0.542233
0.459185
0.500155
0.500609
0.500466
0.500862
1.000274
0.500885
0.541796
0.500315
0.542107
0.500121
1.000703
0.500324
0.500535
0.459224
0.500876
0.500282
0.500291
0.500573
0.500190
0.500322
0.500722
0.500464
0.542242
1.000788
0.500638
0.500319
0.500853
0.500688
0.500221
0.542185
1.000640
0.500276
0.541894
1.000206
0.458571
0.500401
0.500191
0.541935
0.458950
0.500531
0.500288
0.500420
1.000755
0.500723
0.542077
1.000731
0.458439
0.500601
0.500404
0.500195
0.459156
0.500226
0.458892
0.500498
0.500114
0.500297
0.500718
0.542533
1.000885
0.500839
0.500485
0.542292
0.458548
0.500612
0.542398
0.500353
0.541780
1.000822
0.500520
0.542297
1.000454
0.500709
0.541816
0.500309
0.500532
0.542126
0.500140
0.542204
1.000161
0.458777
0.500632
0.500883
1.000569
0.500292
0.500481
0.500583
0.500488
0.500299
0.500549
0.500473
0.500238
0.500134
0.500198
0.500352
1.000646
0.459163
0.500605
0.500659
0.542418
0.500225
0.542056
0.500305
0.542501
0.500439
1.000514
0.542133
0.500799
1.000554
0.541771
0.459193
0.500897
0.458970
0.500843
0.500567
0.542495
1.000425
0.500250
0.500416
1.000624
0.459032
0.500790
0.459095
0.500733
0.500888
0.500214
0.500479
0.542484
0.500718
0.500238
0.500669
0.500844
1.000528
0.500874
0.500778
0.500867
0.500489
0.500344
0.542433
0.500142
0.542015
0.542392
1.000140
1.000885
0.500669
0.542273
0.500813
0.500194
0.500756
0.500329
0.500717
0.542221
0.500219
1.000579
0.542054
1.000206
0.459026
0.500765
0.500124
0.500511
0.500103
0.500693
0.500454
0.500531
0.500667
0.541999
0.500498
0.541922
0.500577
1.000364
0.500298
0.459158
0.500190
0.500337
0.542476
0.500758
0.542510
0.500722
0.889741
1.000699
0.500151
0.459003
0.500354
0.541936
0.458681
0.500641
0.500376
0.500140
0.500506
1.000400
0.500551
0.542176
1.000192
0.500105
0.500141
0.459093
0.500337
0.500539
0.500115
0.500814
0.500802
0.500313
0.500739
0.542559
1.000550
0.458982
0.500750
0.500494
0.542138
1.000702
0.500293
0.458855
0.500472
0.500547
0.500692
1.000719
0.500288
0.500168
0.500759
0.500694
0.542134
0.458743
0.500304
0.500560
0.542082
0.500345
1.000419
0.500653
1.000784
0.458768
0.500567
0.500686
0.500647
0.500406
0.500678
0.500297
0.500155
0.500528
0.500691
0.500526
0.541997
1.000885
0.500148
0.500702
1.000532
0.459073
0.500522
0.500720
0.542474
0.500381
1.000514
0.500375
0.500691
0.542385
0.500835
0.541873
0.458497
0.500355
0.500759
0.500847
0.542356
0.458759
0.500633
0.542103
0.889620
1.000411
0.500633
0.500786
0.459173
0.500424
0.500412
0.500270
0.458742
0.500459
0.500872
0.542507
0.500299
0.500494
1.000661
0.500206
0.500775
1.000275
0.500481
0.500566
0.542561
0.458750
0.500672
1.000158
0.542338
0.458864
0.500105
0.500460
0.542523
0.500639
0.500796
0.500688
1.000150
0.500529
0.500574
0.500889
0.542520
1.000886
0.458593
0.500362
0.500445
0.500231
0.500303
0.500644
0.500625
0.500863
0.500750
0.542167
0.458572
0.500332
0.500166
0.541899
0.500648
0.889626
0.500290
0.500419
1.000368
0.500295
0.500779
1.000324
0.500834
0.542342
0.500112
0.500883
0.500304
0.500586
0.500873
0.500258
0.542238
1.000232
0.500520
0.500117
0.500363
0.542389
1.000661
0.459222
0.500686
0.500511
0.500488
0.500824
0.500743
0.500554
0.541823
0.500491
0.542058
0.500346
1.000810
0.500660
0.542208
0.459022
0.500884
0.500475
0.500464
1.000897
0.542125
1.000668
0.500583
0.542097
0.500826
0.541921
0.500563
0.500445
0.500271
0.500826
0.500268
0.500831
1.000814
0.500854
0.500442
1.000403
0.500778
0.500285
0.500857
0.500835
0.500675
0.500349
0.500281
0.500585
0.500109
0.500722
0.500374
0.500893
0.500297
0.500738
0.542556
1.000656
0.500506
0.542239
0.500186
0.542098
0.889615
1.000649
0.500777
0.542564
0.500575
0.541812
0.500828
0.542156
0.500899
0.542037
0.500792
0.542444
0.500556
1.000749
0.500711
1.000331
0.458531
0.500892
0.500816
0.500207
0.500715
0.500290
0.500200
0.500112
0.541794
0.500189
0.500668
0.500534
0.500661
0.500754
0.500865
0.500488
0.889392
0.500742
0.542151
1.000178
0.542454
1.000413
0.500567
0.542453
0.500684
0.542125
0.500663
0.500340
0.458641
0.500474
0.500571
0.542072
0.500467
0.542154
0.889401
0.500281
1.000677
0.500612
0.500293
0.500705
0.500701
0.500861
0.500338
0.500463
0.459048
0.500303
0.459184
0.500318
0.500145
0.500435
1.000395
0.500832
0.500748
0.500862
0.542385
0.500532
0.889310
1.000481
0.500772
0.542295
0.500855
0.542109
0.458468
0.458755
0.500830
0.500547
0.542270
1.000607
0.500258
0.500797
0.542078
1.000859
0.459091
0.500650
0.500422
0.500573
0.500853
0.500372
0.542457
0.417565
0.459041
0.500286
0.542498
0.500556
0.500248
0.542316
0.889077
0.458902
0.500230
0.500859
0.541965
1.000186
0.500402
1.000332
0.500508
0.500332
0.500779
0.458544
0.500838
0.500137
0.500108
0.500350
0.542563
1.000765
0.459233
0.500418
0.500438
1.000852
0.500691
0.500328
0.500851
0.458831
0.500514
0.459115
0.500154
0.458996
0.500531
0.500241
0.541998
1.000662
0.458534
0.500529
0.500747
0.500503
0.500762
0.542022
0.500734
0.542307
0.889355
1.000673
0.459011
0.500474
0.500122
0.500674
0.500339
0.541788
0.458526
0.500677
0.500874
0.542450
1.000105
0.500824
0.542048
1.000519
0.500706
0.500434
0.500281
0.500337
0.500576
0.542179
0.459232
0.500676
0.500142
0.500746
0.500279
0.542470
1.000201
0.500114
0.500544
1.000567
0.500686
0.500321
0.500141
0.500708
0.542562
1.000380
0.500730
0.541854
0.458490
0.500703
0.542537
0.458496
0.500628
0.500351
0.500582
0.542101
1.000686
0.500763
0.542338
1.000361
0.458709
0.500670
0.458471
0.500418
0.458849
0.500317
0.458655
0.458951
0.500330
0.500765
0.541951
0.500117
1.000186
0.500326
0.500725
1.000181
0.500606
0.500554
0.500269
0.500663
1.000357
0.500239
0.500726
0.459218
0.458824
0.500407
0.500419
0.541943
0.500270
0.500190
0.500538
0.500546
0.500760
1.000575
0.542530
1.000376
0.500792
0.541952
0.500894
0.541889
0.416817
0.458612
0.500239
0.500236
0.500505
0.500864
0.541984
0.500211
0.542185
1.000486
0.500774
0.500776
1.000626
0.500600
0.500761
0.500216
0.458441
1.000280
0.458726
0.500278
0.500370
0.500830
0.500724
0.541897
0.500505
0.500688
0.500507
0.500397
0.542539
1.000500
0.500520
0.500123
1.000679
0.458993
0.500259
0.458617
0.500623
0.500476
0.500394
0.541908
0.500863
0.500269
0.541784
0.500589
0.542436
0.500778
1.000705
0.500777
1.000157
0.500197
0.458488
0.458761
0.500127
0.500778
1.000558
0.500532
0.500566
0.500164
0.500829
0.500538
0.500564
0.500449
0.500561
0.500343
0.500208
0.500720
1.000527
0.542398
1.000296
0.459155
0.500873
0.500259
0.500190
0.542557
0.500748
0.542526
0.500768
0.542219
0.500736
0.500825
0.542316
0.500790
0.542019
0.889564
0.500668
1.000810
0.500307
0.500334
0.500874
0.541903
1.000772
0.500539
0.500585
0.500433
0.500782
0.500694
0.500252
0.500409
0.500526
0.500448
0.500330
0.500499
1.000607
0.500420
0.542156
1.000455
0.500379
0.500357
0.500107
0.500215
0.500282
0.542323
0.500105
0.542201
0.500432
1.000673
0.500445
0.458972
0.500107
0.500419
0.500775
0.542445
1.000858
0.500461
0.500311
0.542407
1.000255
0.500464
0.541916
0.500680
0.500812
0.500479
0.500279
0.500519
0.500799
0.500668
0.500874
0.541944
0.500125
1.000881
0.500393
1.000307
0.458971
0.500397
0.500742
0.500169
0.500170
0.500287
0.500708
0.541843
0.500606
0.542250
1.000855
0.458898
0.500144
0.500266
0.500405
1.000299
0.500630
0.500554
0.500879
0.542208
1.000133
0.500258
0.541828
0.459165
0.500826
0.500135
0.500209
0.459184
0.500116
0.500502
0.541925
0.500654
0.500799
0.542567
0.889612
1.000869
0.458620
0.500531
0.500146
0.542460
0.458547
0.500101
0.542125
0.458591
0.500267
0.500763
0.542123
1.000797
0.500416
0.500435
0.500439
0.500449
1.000593
0.500500
0.500380
0.542186
1.000535
0.500489
0.542137
0.500551
0.459224
0.500629
0.500305
0.500790
0.500629
0.500128
1.000759
0.500816
0.500558
0.500804
0.500709
0.500672
1.000805
0.500267
0.500830
0.500172
0.500129
0.458719
0.500869
0.542112
0.500721
0.542074
0.500795
0.500414
1.000807
0.541942
0.500834
0.542108
0.500664
1.000404
0.500893
1.000655
0.541800
0.458631
0.458878
0.500662
0.500325
0.542070
0.458911
0.500783
0.500308
0.500386
0.500555
0.541879
1.000553
0.500485
0.500284
1.000582
0.500771
0.500253
0.500128
0.458925
0.500560
0.500823
0.458440
0.500466
0.500198
0.542507
0.500808
0.542429
0.500345
1.000801
0.500517
0.542045
0.500198
0.541828
0.889029
1.000423
0.500465
0.500617
0.500306
0.459006
0.500103
0.500761
0.542452
0.500556
0.500346
0.500169
0.500239
0.500216
0.500322
1.000267
0.500708
1.000781
0.500190
0.500715
0.500348
0.458621
0.500655
0.500256
0.500149
0.500900
0.500156
0.542233
0.458711
0.500254
0.500628
0.500417
0.500577
0.500193
0.889023
0.542450
0.889654
1.000137
0.417311
0.458984
0.500593
0.542557
0.500720
0.500732
0.541874
0.458475
0.500899
0.500815
0.542489
0.500188
0.542296
0.500271
0.889264
0.500385
1.000426
0.500425
0.458718
0.500483
0.500891
0.500662
0.500637
0.500619
0.500179
0.500314
0.542378
0.500213
0.541864
0.889466
0.500250
1.000742
0.500327
0.500744
0.500733
0.541814
1.000576
0.459173
0.500188
0.542241
0.500755
0.541778
0.458996
0.500485
0.500282
0.500138
1.000769
0.500608
0.500463
0.500254
0.500191
1.000454
0.500815
0.459061
0.500172
0.500894
0.541809
0.500784
0.458540
0.500240
0.500460
1.000357
0.500882
0.459021
0.500201
0.542382
1.000735
0.459010
0.500655
0.500823
0.500350
1.000510
0.500834
0.500113
0.500894
0.500216
0.458484
0.500764
0.542391
0.500514
0.500117
0.500815
0.500867
1.000832
0.500643
0.500139
1.000826
0.500685
0.459156
0.500133
0.500825
0.500383
0.458724
0.500807
0.500171
0.542158
0.500623
0.542473
1.000267
0.458711
0.500729
0.500518
0.542454
1.000663
0.500531
0.500782
0.500779
0.500582
1.000646
0.542270
0.458529
0.500663
0.500519
0.500163
0.500595
0.458595
0.500202
0.500522
0.542513
0.500125
1.000555
0.500771
1.000408
0.500846
0.459012
0.500479
0.458770
0.500402
0.500385
0.500604
0.500679
0.458547
0.500222
0.500567
0.542444
1.000653
0.500449
0.500657
0.500334
0.500195
1.000361
0.542096
0.500757
1.000779
0.500492
0.500453
0.500140
0.500594
0.459208
0.500887
0.500619
0.500530
0.500758
0.500127
0.542143
1.000537
0.458839
0.500813
0.500839
1.000791
0.500517
0.458951
0.500105
0.500639
0.541952
0.459116
0.500392
0.500634
0.500540
0.500627
0.542395
0.500800
1.000156
0.500586
0.500679
0.542215
0.500139
1.000720
0.500243
1.000114
0.500707
0.542428
0.458877
0.500565
0.500788
0.500120
0.500202
0.542061
0.500833
0.500141
0.500286
0.542117
1.000659
0.500291
0.500190
1.000844
0.500174
0.500482
0.458911
0.500614
0.500208
0.500406
0.500514
0.541931
0.500891
0.500293
0.542380
0.500130
0.541780
1.000856
0.500144
0.542386
0.500717
0.542254
0.889273
1.000606
0.458941
0.500486
0.500100
0.500541
0.542194
0.500286
0.500891
0.500285
0.500477
0.500181
0.500229
0.500550
0.542229
1.000706
0.458597
1.000671
0.458545
0.500678
0.500836
0.500203
0.542538
0.500649
0.500233
0.500885
0.500605
0.541943
0.500705
0.500422
0.542431
0.500189
0.889016
0.500472
0.500575
1.000128
0.500112
0.500202
1.000314
0.500103
0.542054
0.500690
0.500184
0.500517
0.542008
0.500647
0.500323
0.500505
0.500417
0.500435
0.500283
0.542020
0.889427
0.500255
1.000102
0.500671
0.500239
0.500607
0.500848
0.500844
0.541795
0.500712
0.500133
0.541823
1.000284
0.458942
0.500184
0.458630
0.500711
0.500397
0.500300
0.541865
1.000188
0.458717
1.000615
0.500429
0.541797
0.500839
0.542500
0.500448
0.500373
0.500216
0.500701
0.459145
0.500371
0.500703
0.500583
1.000510
0.500409
0.500530
0.500454
1.000438
0.500343
0.500488
0.500494
0.500527
0.500196
0.500577
0.542390
0.500807
0.500875
0.500123
0.500106
1.000162
0.500407
0.500621
0.542157
0.500437
0.542226
0.889313
0.500784
1.000833
0.500541
0.500585
0.542411
0.500812
0.542055
0.458760
0.500422
0.500697
0.500857
0.500777
0.541902
0.500300
1.000364
0.500628
1.000727
0.500460
0.500306
0.500550
0.542034
0.500280
0.500573
0.458706
0.500343
0.500879
0.542560
0.500733
0.542082
0.500553
0.889147
0.500300
1.000486
0.500699
0.500786
0.541997
1.000610
0.500274
0.542324
0.500133
0.459204
0.500615
0.500809
0.541872
0.500815
0.500274
0.500734
0.500642
0.500634
0.500140
0.541958
0.888990
1.000320
0.500764
0.500374
0.500563
0.500743
0.458701
0.500396
0.500259
0.500821
0.500554
1.000459
0.500407
0.500353
0.500345
0.500638
0.500863
0.500519
0.500395
1.000896
0.542156
1.000110
0.500805
0.542262
0.459158
0.500179
0.542096
0.458900
0.500713
0.500469
0.542425
0.500714
1.000690
0.500623
0.500188
0.500353
0.458799
0.500455
1.000649
0.500625
0.458710
0.500303
0.500184
0.500683
0.542222
0.500429
0.542088
0.500519
1.000848
0.500716
0.500514
0.542104
0.500726
0.500419
0.500132
0.500651
0.889387
0.500462
1.000318
0.500311
0.500831
0.500176
0.500125
0.500621
0.500699
0.500212
0.500873
0.500265
0.542234
1.000622
0.459123
0.500844
0.500826
0.500874
0.500628
1.000481
0.500403
0.458482
0.500900
0.500350
0.542431
0.500514
0.542354
0.500591
0.542500
1.000719
0.458675
0.500432
0.500281
1.000560
0.500643
0.500212
0.500636
0.500667
0.542400
1.000435
0.500779
0.500707
0.500600
0.500447
0.500429
0.500489
0.458725
0.500355
0.500463
0.541786
1.000736
0.500765
0.541834
0.459069
0.500216
1.000832
0.458684
0.500803
