0.208770
0.555924
0.208617
0.666927
0.250821
0.777878
0.250113
0.889256
0.292454
1.000163
0.292265
0.292093
0.292035
0.333461
0.333809
0.334141
0.375426
0.334093
0.375714
0.417205
0.417080
0.417070
0.458540
0.459162
0.458837
0.458648
0.500345
0.500572
0.500613
0.542129
0.541832
0.541817
0.542397
0.542016
0.541977
0.542318
0.583683
0.583657
0.583452
0.625237
0.625386
0.625617
0.625563
0.625655
0.667311
0.666805
0.667230
0.666837
0.667464
0.667043
0.708942
0.708644
0.709013
0.709048
0.708572
0.750283
0.750130
0.750484
0.750755
0.750642
0.750846
0.750820
0.750692
0.750676
0.791936
0.791769
0.792093
0.792185
0.791993
0.833778
0.833989
0.833946
0.555717
0.833651
0.833701
0.834039
0.833689
0.875831
0.875776
0.875253
0.666974
0.833817
0.875464
0.834220
0.875299
0.875602
0.916937
0.875328
0.777964
0.875125
0.875871
0.875131
0.917512
0.917329
0.917374
0.916881
0.917332
0.916900
0.917300
0.917559
0.917245
0.917055
0.917271
0.778418
0.917273
0.917539
0.889335
0.917529
0.917470
0.916989
0.958549
0.958544
0.959040
0.958913
0.958531
0.958438
0.958615
0.889256
0.958667
0.958701
1.000392
1.000304
1.000399
0.958671
0.959200
0.958539
0.958785
1.000632
0.958673
1.000185
1.000624
1.000818
1.000474
1.000329
1.000559
1.000180
1.000301
0.958438
0.958476
0.958538
0.958660
0.958592
0.958648
0.958466
0.959072
0.958745
1.000138
1.000120
1.000679
0.889260
1.000388
1.000172
0.958909
1.000687
0.958743
1.000542
0.959127
1.000761
0.958607
1.000233
0.959180
1.000798
0.958485
1.000420
1.000226
0.958943
0.958834
0.917094
1.000615
0.917210
0.958865
1.000842
0.959035
0.889635
1.000875
1.000540
0.958591
0.958447
0.958894
0.959171
0.958718
0.959182
0.916776
0.959194
0.917302
0.958751
0.917169
0.958862
0.958613
1.000676
1.000662
1.000226
0.958908
1.000713
0.958879
1.000700
1.000423
1.000146
0.958561
1.000138
0.958923
1.000659
0.959214
1.000391
1.000505
1.000855
1.000832
1.000663
0.917535
0.917159
0.958934
0.958687
1.000441
0.958943
1.000314
0.958510
1.000127
1.000717
1.000605
1.000307
1.000493
0.958701
0.917099
0.958500
0.958514
0.875878
0.959101
0.875503
0.916791
0.917562
0.958875
1.000613
0.958988
1.000522
1.000105
0.958593
1.000477
1.000836
1.000823
1.000446
0.917095
1.000524
1.000700
0.917436
0.958566
0.958447
1.000845
0.958594
1.000730
0.917217
0.958800
0.958656
1.000818
0.959132
1.000390
1.000898
1.000777
1.000258
0.958835
1.000801
1.000253
1.000143
0.917181
0.917474
1.000565
0.917186
0.916834
0.916808
0.917122
0.917557
0.917154
0.959117
0.917181
1.000287
0.958986
1.000647
1.000301
1.000598
0.959141
1.000131
1.000248
1.000374
1.000354
1.000166
1.000274
1.000644
1.000165
1.000151
1.000802
1.000566
0.917518
0.958488
1.000609
0.917133
0.959196
1.000274
0.959218
1.000130
1.000315
1.000440
1.000121
0.959036
1.000324
0.917201
0.959224
0.959209
0.958615
0.958624
0.917240
0.958523
0.916988
1.000722
0.889353
0.917242
0.959121
1.000638
1.000319
1.000853
1.000688
1.000221
1.000519
0.958973
1.000276
1.000228
1.000206
1.000238
1.000401
1.000191
1.000268
1.000617
1.000531
1.000288
0.958753
0.959088
0.959057
1.000410
1.000731
0.958439
1.000601
0.958737
1.000195
1.000823
1.000226
1.000559
1.000498
0.958447
1.000297
1.000718
1.000866
0.959218
0.959172
0.958818
0.958958
0.958548
0.958946
1.000731
1.000353
0.958447
1.000822
1.000520
1.000630
1.000454
1.000709
1.000150
0.958642
1.000532
1.000460
1.000140
1.000537
1.000161
1.000444
1.000632
0.959217
1.000569
0.916958
0.958815
1.000583
0.958822
0.958632
0.889438
1.000473
0.958571
0.958467
0.958532
0.958686
0.958979
0.959163
0.958938
0.958993
1.000752
0.916892
0.958723
0.958639
0.917501
0.958773
0.917181
1.000466
0.959132
0.958887
1.000104
0.889749
1.000897
1.000636
1.000843
1.000567
1.000828
0.958758
1.000250
1.000416
1.000624
1.000699
1.000790
1.000761
1.000733
1.000888
0.958547
1.000479
0.959151
1.000718
0.958571
1.000669
1.000844
1.000528
1.000874
1.000778
1.000867
1.000489
1.000344
1.000766
1.000142
1.000348
0.959059
0.958473
1.000885
1.000669
1.000606
0.959146
0.958527
0.959089
1.000329
1.000717
1.000554
1.000219
1.000579
1.000387
1.000206
1.000692
1.000765
0.958457
1.000511
0.958437
1.000693
0.958788
1.000531
1.000667
1.000332
1.000498
1.000255
0.958910
1.000364
0.958631
0.959158
1.000190
1.000337
1.000810
1.000758
1.000844
1.000722
1.000852
1.000699
1.000151
1.000669
1.000354
1.000270
1.000348
0.958974
1.000376
0.958473
0.958840
0.917066
0.958884
0.958843
1.000192
0.958438
1.000141
1.000759
1.000337
1.000539
1.000115
0.959148
1.000802
1.000313
1.000739
0.959225
0.958884
1.000649
0.959084
1.000494
0.958804
1.000702
0.958627
1.000522
1.000472
0.917214
0.959025
1.000719
0.958622
1.000168
1.000759
1.000694
1.000468
1.000410
1.000304
1.000560
1.000415
1.000345
1.000419
1.000653
1.000784
1.000434
0.958900
0.959019
0.917314
0.958739
0.959011
1.000297
0.958488
1.000528
1.000691
1.000526
1.000331
1.000885
1.000148
1.000702
1.000532
0.959073
1.000522
0.959053
1.000807
1.000381
0.958848
1.000375
1.000691
0.959052
1.000835
0.958540
0.958497
1.000355
1.000759
0.959181
1.000689
0.958759
1.000633
1.000436
1.000731
1.000411
1.000633
1.000786
1.000839
1.000424
1.000412
1.000270
0.917075
0.958793
0.917539
0.959174
1.000299
0.917160
0.958994
1.000206
1.000775
1.000275
0.958815
1.000566
0.959227
1.000416
1.000672
1.000158
1.000671
1.000531
1.000105
1.000460
1.000856
1.000639
1.000796
0.917354
0.958483
1.000529
0.917240
1.000889
0.959187
1.000886
0.958593
1.000362
1.000445
0.958565
1.000303
0.958977
1.000625
1.000863
1.000750
1.000500
0.958572
1.000332
0.916832
0.958566
0.917315
0.959071
0.958623
1.000419
0.958702
1.000295
1.000779
1.000324
0.959167
1.000675
0.958445
1.000883
1.000304
1.000586
1.000873
1.000258
1.000572
1.000232
1.000520
1.000117
1.000363
1.000723
1.000661
0.959222
1.000686
1.000511
1.000488
1.000824
1.000743
0.958887
1.000156
0.958824
0.958725
1.000346
1.000810
1.000660
1.000541
0.959022
1.000884
0.917142
0.958797
0.959230
0.917125
0.959001
0.917249
1.000431
0.917492
0.958587
1.000563
0.958779
1.000271
0.959159
1.000268
0.959165
1.000814
1.000854
1.000442
1.000403
1.000778
1.000285
1.000857
1.000835
1.000675
0.958682
1.000281
1.000585
0.958442
1.000722
0.958707
1.000893
0.958631
1.000738
0.917556
0.958989
1.000506
0.958906
1.000186
1.000432
1.000726
1.000649
0.875777
0.875897
0.917241
0.916812
0.834162
0.958822
0.875899
0.875371
0.917459
0.959110
1.000556
0.917416
0.959045
1.000331
0.916864
1.000892
0.959150
1.000207
1.000715
1.000290
1.000200
1.000112
1.000128
0.958523
1.000668
0.958867
1.000661
0.959087
1.000865
1.000488
1.000503
1.000742
1.000485
1.000178
0.959120
1.000413
0.917233
1.000786
0.959017
1.000459
0.917329
0.917006
0.958641
1.000474
0.917237
0.958739
0.917133
1.000487
0.917179
0.958615
0.959010
1.000612
1.000293
0.959038
1.000701
0.959194
1.000338
0.958796
0.959048
1.000303
1.000850
1.000318
1.000145
1.000435
1.000395
1.000832
1.000748
1.000862
0.917385
1.000532
0.958754
1.000481
1.000772
0.958962
1.000855
1.000443
1.000134
0.958755
1.000830
1.000547
0.958937
0.958940
1.000258
0.959130
0.917078
0.959193
0.959091
0.917316
0.958755
0.917239
1.000853
0.958706
0.959124
0.959232
1.000707
1.000286
1.000831
1.000556
1.000248
1.000649
0.958521
0.958902
1.000230
1.000859
1.000298
1.000186
1.000402
0.958666
1.000508
0.958665
1.000779
0.889100
1.000838
0.958470
1.000108
0.917016
0.959230
1.000765
0.959233
1.000418
0.958771
1.000852
0.959024
1.000328
0.959184
1.000498
0.958847
0.959115
0.916820
1.000662
0.917198
0.958575
0.958665
1.000662
0.958534
0.958863
0.959081
1.000503
1.000762
1.000355
1.000734
1.000640
1.000466
0.959006
1.000677
1.000474
0.958455
1.000674
1.000339
1.000121
0.958526
1.000677
0.959207
1.000783
1.000105
1.000824
1.000381
1.000519
1.000706
1.000434
1.000281
0.958671
0.958909
1.000513
0.959232
1.000676
1.000142
0.959079
0.958612
0.959137
0.958535
0.958447
1.000544
1.000567
0.889575
1.000321
1.000141
0.917375
0.959228
0.958714
1.000730
0.958521
1.000157
1.000703
0.959204
1.000162
0.958961
1.000351
1.000582
1.000434
1.000686
1.000763
1.000671
0.958695
1.000376
0.959003
1.000138
1.000418
1.000516
1.000317
0.958655
0.958951
1.000330
1.000765
0.916951
1.000117
0.916853
0.958659
1.000725
0.875181
0.917273
0.917221
0.958602
1.000663
0.917024
0.958572
1.000726
1.000885
0.917157
0.958741
0.958752
1.000276
0.958604
0.958524
1.000538
0.958879
1.000760
0.917242
0.917530
0.958710
1.000792
0.958618
1.000894
1.000223
1.000150
0.958612
1.000239
1.000236
0.958838
1.000864
1.000318
1.000211
1.000518
1.000486
0.959108
1.000776
1.000626
1.000600
1.000761
0.958549
1.000107
1.000280
0.917059
0.916944
0.958703
0.959163
0.959057
1.000230
1.000505
1.000688
0.958840
1.000397
1.000873
0.958834
1.000520
0.958456
1.000679
1.000659
1.000259
0.916950
0.917290
0.958810
0.958728
1.000241
0.959196
1.000269
1.000117
1.000589
0.959102
0.959111
1.000705
1.000777
1.000157
1.000197
1.000154
1.000427
1.000127
1.000778
1.000558
1.000532
1.000566
1.000164
0.875829
0.917205
0.958898
0.958782
0.958894
0.958677
1.000208
0.959053
1.000527
0.917398
0.958629
0.959155
1.000873
0.958592
1.000190
0.959223
1.000748
1.000859
1.000768
0.917219
0.959069
1.000825
0.958982
1.000790
0.958686
1.000676
1.000668
1.000810
1.000307
0.958667
1.000874
0.958570
1.000772
1.000539
1.000585
1.000433
1.000782
1.000694
1.000252
1.000409
1.000526
0.958782
0.958663
0.958832
1.000607
1.000420
0.958822
1.000455
0.958712
1.000357
1.000107
0.958548
1.000282
1.000656
1.000105
1.000535
0.958765
1.000673
0.958778
1.000639
1.000107
1.000419
1.000775
0.959112
1.000858
1.000461
0.958645
1.000740
1.000255
1.000464
1.000249
0.917347
0.959145
1.000479
0.958612
1.000519
1.000799
1.000668
1.000874
1.000278
1.000125
1.000881
1.000393
1.000307
0.917304
0.958731
0.959075
1.000169
0.958503
0.916954
1.000708
0.958510
1.000606
1.000583
0.959188
1.000565
0.958477
1.000266
0.958738
1.000299
1.000630
1.000554
1.000879
1.000542
0.916799
0.958591
0.958494
1.000831
0.959159
1.000135
1.000209
1.000851
0.958450
0.958835
0.958591
1.000654
1.000799
0.959233
1.000723
1.000869
1.000287
1.000531
0.916812
0.959127
0.958547
0.875101
0.917125
0.958591
1.000267
0.875763
0.917123
0.959130
0.958750
1.000435
1.000439
1.000449
1.000593
1.000500
0.958714
1.000519
1.000535
0.958823
1.000471
1.000551
1.000891
1.000629
1.000305
1.000790
0.958962
0.958461
0.959092
1.000816
1.000558
1.000804
0.959042
1.000672
0.959138
1.000267
1.000830
1.000172
1.000129
1.000386
1.000869
1.000446
1.000721
1.000407
0.959128
0.917081
0.917473
0.958608
1.000834
0.917108
0.958997
1.000404
0.959226
1.000655
0.958466
1.000297
1.000545
1.000662
0.958658
1.000403
1.000577
1.000783
1.000308
1.000386
0.958888
1.000212
1.000553
1.000485
0.958617
0.958916
0.959104
1.000253
1.000128
1.000592
1.000560
0.917490
0.916773
0.958800
1.000198
1.000840
1.000808
1.000762
1.000345
1.000801
1.000517
0.917045
0.875198
0.916828
0.916806
0.917090
0.958798
0.958950
0.958639
0.917339
1.000103
0.917428
0.959118
1.000556
0.958679
1.000169
1.000239
0.958550
1.000322
1.000267
1.000708
1.000781
1.000190
1.000715
1.000348
0.916954
0.917322
0.916922
0.958483
0.959233
1.000156
0.875566
0.917044
0.958588
0.958961
0.958750
1.000577
1.000193
1.000134
1.000783
1.000766
1.000137
0.958978
1.000651
1.000593
0.889779
1.000720
0.917399
0.958540
0.958475
0.959232
0.875815
1.000823
0.916855
0.917296
0.958604
1.000376
0.958718
1.000426
0.958758
1.000384
0.958816
1.000891
1.000662
1.000637
1.000619
1.000179
1.000314
1.000711
0.889102
1.000198
0.875577
0.875250
0.917409
0.958661
0.959077
0.959066
0.958480
1.000576
0.959173
1.000188
1.000574
1.000755
1.000111
0.889551
0.958818
1.000282
1.000138
1.000769
0.917275
1.000463
0.916920
0.958524
0.958787
0.959149
0.959061
1.000172
0.959227
1.000142
1.000784
1.000207
1.000240
1.000460
0.958690
1.000882
1.000688
1.000201
1.000715
1.000735
1.000676
0.958988
1.000823
0.958684
0.958843
0.959168
0.958446
1.000894
1.000216
1.000151
0.959097
0.959057
1.000514
1.000117
1.000815
1.000867
1.000832
1.000643
0.916806
0.959160
0.959018
1.000823
0.916800
0.959158
1.000383
1.000390
0.959141
1.000171
0.958824
1.000623
0.959139
1.000267
0.958711
1.000729
1.000518
0.917454
0.958997
1.000531
0.959115
0.959113
1.000582
0.958979
1.000604
1.000195
0.958996
0.958852
0.916829
0.958929
0.958595
1.000202
1.000522
0.959180
1.000125
0.958889
1.000771
1.000408
1.000846
1.000679
1.000479
0.958770
1.000402
1.000385
1.000604
1.000679
1.000214
0.958555
0.958900
1.000778
1.000653
1.000449
1.000657
1.000334
1.000195
1.000361
1.000430
1.000757
1.000779
0.958826
1.000453
0.958474
1.000594
1.000875
0.959220
0.958952
1.000530
1.000758
0.958460
1.000476
0.917204
1.000506
0.917480
0.959172
1.000791
1.000517
0.917285
1.000105
0.958973
1.000285
1.000783
1.000392
1.000634
1.000540
1.000627
0.959062
1.000800
1.000156
0.917252
0.917346
0.958882
1.000139
0.959053
1.000243
0.958447
1.000707
0.959095
1.000544
0.958898
0.959122
1.000120
1.000202
0.917061
0.959166
0.958474
1.000286
1.000450
1.000659
1.000291
1.000190
1.000844
0.916840
0.917149
0.958911
0.958947
0.958542
0.958739
0.958847
1.000265
0.959225
1.000293
1.000713
1.000130
1.000113
0.959189
1.000144
1.000720
0.917384
1.000588
1.000385
0.875606
0.875608
0.917153
0.958434
1.000541
1.000527
0.916953
0.959224
1.000285
0.958810
1.000181
0.958562
0.917217
1.000563
0.959040
1.000264
0.959004
1.000212
1.000678
1.000836
1.000203
0.959205
1.000649
0.916900
1.000885
0.958938
0.958610
1.000705
1.000422
1.000764
0.958522
1.000128
0.958805
1.000575
1.000128
1.000112
1.000202
0.958647
1.000103
1.000388
0.917357
0.958517
1.000517
1.000341
0.958980
0.889212
1.000505
1.000417
1.000435
1.000283
0.958686
1.000538
1.000255
1.000102
1.000671
0.958573
0.958940
1.000848
1.000844
0.958462
1.000712
1.000133
1.000156
0.916951
0.958942
1.000184
1.000296
1.000711
0.958731
1.000300
0.958532
0.958521
1.000384
1.000615
0.958762
1.000130
1.000839
1.000833
1.000448
1.000373
0.958550
1.000701
0.959145
0.958704
0.959036
1.000583
1.000510
1.000409
1.000530
0.958788
1.000438
1.000343
1.000488
0.958827
1.000527
0.958529
1.000577
0.959056
0.959140
0.959208
1.000123
0.958439
1.000162
0.958740
1.000621
0.958824
0.958770
0.958893
1.000424
1.000784
1.000833
1.000541
0.958919
0.959078
0.959145
1.000388
0.958760
0.958756
1.000697
1.000857
1.000777
0.916902
0.958633
1.000364
0.875628
0.875727
0.917127
0.958639
1.000550
0.958701
0.958614
0.958906
1.000373
1.000343
1.000879
1.000894
1.000733
0.958749
1.000553
1.000258
0.916967
0.958819
0.917365
1.000786
0.958664
1.000610
0.958607
0.958991
1.000133
0.959204
1.000615
1.000809
1.000206
1.000815
1.000274
0.959068
1.000642
1.000634
0.916807
0.916958
0.958434
0.958654
0.917431
0.958707
0.917230
0.959077
0.958701
0.958730
1.000259
0.959154
1.000554
1.000459
0.958740
0.958686
0.958678
1.000638
1.000863
1.000519
1.000395
1.000896
0.958823
0.958443
1.000805
0.958929
0.959158
1.000179
1.000429
1.000567
1.000713
0.917136
0.959092
0.959047
1.000690
0.958956
1.000188
1.000353
1.000466
1.000455
1.000649
0.958958
1.000376
0.958636
1.000184
1.000683
0.958889
1.000429
0.958754
0.958852
1.000848
1.000716
1.000514
0.958770
1.000726
1.000419
1.000132
1.000651
1.000498
0.958795
1.000318
1.000311
1.000831
1.000176
1.000125
1.000621
1.000699
1.000212
1.000873
0.958598
1.000568
0.958956
1.000789
1.000844
1.000826
0.917540
0.958961
1.000481
0.958736
1.000149
1.000900
1.000350
1.000765
0.958848
1.000687
0.958924
1.000834
0.959053
0.958675
0.958765
1.000281
0.958893
1.000643
1.000212
1.000636
1.000667
0.959067
1.000435
1.000779
1.000707
1.000600
0.958781
1.000429
1.000489
1.000391
1.000355
1.000463
0.958452
1.000736
0.959099
0.958501
0.959069
1.000216
0.959166
1.000350
1.000803
1.000523
0.958617
0.958956
1.000765
1.000616
1.000803
1.000425
1.000358
0.916783
0.958495
1.000125
0.917416
0.917163
0.959138
0.958889
0.958530
0.958685
1.000885
1.000586
1.000643
1.000340
1.000149
0.958996
1.000176
1.000814
1.000730
1.000812
1.000130
1.000662
1.000262
1.000833
1.000286
1.000446
1.000555
1.000151
0.958495
0.958792
0.958809
0.958753
0.958808
1.000537
1.000445
1.000323
0.958467
0.958683
1.000779
1.000230
1.000602
1.000764
1.000715
1.000346
1.000204
0.917431
0.958441
0.958613
0.959011
0.959071
0.958525
0.959041
0.958834
1.000353
1.000640
1.000686
1.000699
1.000295
0.959070
1.000760
0.958987
1.000312
1.000280
1.000228
1.000749
1.000625
1.000451
1.000783
1.000875
1.000330
1.000112
1.000578
1.000194
0.959061
0.917490
1.000298
0.958925
1.000831
1.000478
0.917036
0.959003
1.000569
1.000178
1.000269
1.000822
1.000718
1.000855
0.958954
0.958447
0.959025
1.000481
0.959000
0.916771
1.000661
0.917461
0.959087
1.000387
1.000346
1.000636
1.000362
1.000576
1.000648
0.959173
1.000671
1.000476
1.000763
1.000869
1.000168
1.000694
1.000447
1.000437
1.000463
1.000116
1.000515
1.000633
0.959172
1.000333
0.958921
1.000559
1.000346
0.958713
1.000141
0.916780
0.958718
1.000702
1.000808
1.000238
1.000189
1.000254
1.000773
1.000451
1.000730
0.958855
0.958724
0.958834
0.959231
1.000253
1.000470
1.000165
1.000847
1.000816
1.000502
1.000411
1.000833
1.000117
0.958477
1.000771
1.000350
1.000632
0.958764
1.000596
0.958445
1.000471
0.958942
1.000396
1.000273
1.000516
1.000533
0.917028
0.959003
1.000407
0.917379
1.000500
0.917495
0.916869
1.000100
0.959159
1.000356
1.000470
1.000891
1.000303
1.000386
1.000494
1.000614
0.958652
1.000511
0.917324
0.958523
1.000761
1.000389
1.000520
1.000457
1.000401
1.000892
1.000166
1.000696
1.000265
0.958915
0.958663
1.000526
1.000352
1.000637
1.000339
1.000752
1.000565
0.958774
1.000752
0.958824
1.000697
0.958655
0.958816
0.959233
0.958941
1.000876
1.000613
0.917493
0.958820
1.000370
0.958450
1.000347
0.958992
1.000537
1.000704
1.000160
1.000529
1.000770
0.959089
0.959027
0.958785
1.000186
0.958653
1.000704
1.000722
1.000558
1.000556
1.000388
0.959233
1.000408
0.917445
1.000696
0.917296
0.958694
1.000695
1.000337
1.000337
1.000408
1.000264
1.000723
1.000679
1.000281
1.000171
0.917104
0.917385
0.959108
1.000497
0.875347
0.917311
0.917020
1.000140
0.958530
1.000439
0.958693
1.000800
1.000261
0.959151
1.000456
0.958882
1.000817
0.959097
1.000428
1.000613
0.958826
1.000689
1.000408
0.959063
1.000125
1.000717
1.000894
1.000749
1.000495
0.958608
0.959152
1.000833
0.959226
1.000694
1.000430
1.000339
1.000438
1.000683
1.000379
1.000534
1.000222
1.000639
0.958768
0.958717
1.000557
0.959124
1.000832
1.000474
0.917320
0.958693
1.000187
1.000246
1.000148
0.958829
1.000876
0.958507
0.958646
1.000870
1.000822
0.959041
1.000245
0.959075
1.000640
1.000238
0.958868
1.000170
1.000477
1.000873
1.000753
1.000757
1.000508
1.000875
1.000496
0.959176
1.000358
1.000153
1.000733
1.000290
1.000527
1.000486
0.958883
0.958948
0.958966
0.958931
0.916877
0.958942
0.959005
1.000422
0.917245
0.958927
0.958563
0.959057
1.000435
1.000770
1.000862
1.000870
0.959173
1.000439
0.959177
0.959026
1.000296
1.000451
1.000667
1.000692
1.000394
1.000125
1.000745
0.958559
1.000314
1.000372
1.000612
1.000764
1.000886
1.000344
1.000462
1.000197
0.959186
1.000234
1.000519
1.000531
1.000728
1.000649
1.000355
1.000263
0.875519
0.916983
0.958566
1.000458
0.875655
0.916843
0.958584
0.959184
0.958861
0.917484
1.000642
0.959154
1.000842
1.000487
0.958481
1.000257
0.917426
1.000659
0.958454
1.000745
0.958437
1.000483
0.959175
1.000856
1.000617
0.958794
1.000488
1.000444
1.000210
1.000742
1.000607
1.000629
1.000158
1.000740
0.958521
1.000714
1.000816
1.000338
1.000664
0.958777
1.000256
0.958740
0.958698
0.958532
1.000794
0.889301
1.000355
1.000653
0.958505
1.000376
0.917165
0.916842
0.959093
1.000440
0.958465
1.000476
1.000801
0.958853
1.000821
0.958444
0.958695
1.000528
1.000640
1.000420
1.000368
0.959060
1.000234
0.916950
0.958498
1.000798
1.000628
1.000321
1.000305
1.000893
1.000419
1.000199
1.000405
0.959008
1.000752
1.000476
1.000151
0.958683
1.000552
0.959144
0.889579
0.917251
0.958720
1.000591
1.000204
1.000307
0.917268
1.000465
0.917401
0.958675
0.959119
0.958536
1.000168
0.958453
1.000386
1.000233
0.959151
1.000114
0.958788
0.958557
1.000106
1.000774
1.000322
0.917078
