0.208770
0.555924
0.208617
0.666927
0.250821
0.777878
0.250113
0.208701
0.250788
0.291829
0.292265
0.292093
0.292035
0.291794
0.292142
0.292475
0.292093
0.334093
0.292380
0.333871
0.250413
0.292070
0.333540
0.292495
0.292170
0.333648
0.292012
0.333905
0.292279
0.292129
0.333499
0.291817
0.292397
0.333683
0.333644
0.250651
0.292016
0.291990
0.333452
0.291903
0.292053
0.292283
0.333896
0.250655
0.292311
0.291805
0.333896
0.250170
0.292464
0.292043
0.333942
0.250310
0.292347
0.292381
0.333572
0.250283
0.291796
0.292150
0.334088
0.250642
0.292512
0.292487
0.334025
0.250676
0.291936
0.291769
0.333760
0.250519
0.291993
0.292112
0.333989
0.250613
0.291828
0.291985
0.333701
0.250706
0.292023
0.292497
0.334109
0.250253
0.291974
0.292151
0.333797
0.250887
0.291966
0.292269
0.333603
0.250328
0.291853
0.291792
0.334204
0.250131
0.292512
0.292329
0.334040
0.250215
0.292332
0.291900
0.333966
0.250892
0.292245
0.292055
0.333938
0.250640
0.292273
0.292539
0.333779
0.250863
0.292470
0.291989
0.333549
0.250210
0.292373
0.292246
0.333531
0.250105
0.291949
0.292034
0.333667
0.250368
0.292059
0.291971
0.333732
0.250338
0.292533
0.291873
0.333785
0.250632
0.292006
0.291852
0.333957
0.250818
0.292140
0.291995
0.333892
0.250180
0.291968
0.291772
0.333476
0.250204
0.291994
0.291925
0.333648
0.250133
0.292405
0.292079
0.333472
0.250120
0.292346
0.292038
0.333721
0.250172
0.292242
0.292354
0.333743
0.250542
0.292460
0.292428
0.333607
0.250233
0.292513
0.292464
0.333485
0.250420
0.291893
0.292277
0.333834
0.250427
0.292282
0.292210
0.333865
0.250842
0.292369
0.292413
0.334209
0.250540
0.291925
0.291780
0.333894
0.250837
0.292052
0.292515
0.333442
0.250860
0.292302
0.292085
0.333836
0.250529
0.291946
0.292343
0.333995
0.250226
0.292241
0.292380
0.333879
0.250700
0.292090
0.291813
0.333561
0.250138
0.292256
0.292326
0.334214
0.250391
0.292172
0.292522
0.334165
0.250663
0.292535
0.292159
0.333934
0.250354
0.292107
0.292276
0.333647
0.250176
0.291794
0.292383
0.333939
0.250307
0.292160
0.292034
0.333766
0.250167
0.291847
0.292545
0.334101
0.250503
0.291791
0.292562
0.333875
0.250613
0.292321
0.292188
0.333438
0.250260
0.292144
0.292503
0.334157
0.250446
0.292095
0.292190
0.334033
0.250769
0.291900
0.291780
0.334179
0.250260
0.292397
0.292217
0.333800
0.250323
0.292485
0.292466
0.333723
0.250898
0.292444
0.291924
0.333835
0.250801
0.291920
0.291810
0.333848
0.250808
0.292231
0.292186
0.333501
0.250142
0.292122
0.292557
0.333821
0.250783
0.292181
0.291954
0.333986
0.250647
0.291967
0.292264
0.334141
0.250131
0.291915
0.292041
0.333687
0.250166
0.291940
0.292311
0.333498
0.250151
0.292468
0.292233
0.334185
0.250155
0.292276
0.292133
0.334196
0.250274
0.292552
0.291796
0.333649
0.250440
0.291787
0.292370
0.333657
0.250535
0.292557
0.292542
0.333615
0.250291
0.292240
0.291856
0.333655
0.250722
0.292131
0.292242
0.334121
0.250638
0.291986
0.292519
0.334022
0.250221
0.292185
0.292307
0.333609
0.250228
0.291873
0.291905
0.333735
0.250191
0.291935
0.292283
0.333865
0.250288
0.292086
0.292422
0.334057
0.250410
0.292397
0.291772
0.333934
0.250404
0.291862
0.292489
0.333559
0.250559
0.292165
0.291780
0.333630
0.250718
0.292533
0.292552
0.334172
0.250485
0.292292
0.291881
0.333946
0.250731
0.292019
0.291780
0.334156
0.250520
0.292297
0.292120
0.334042
0.250150
0.291975
0.292199
0.333793
0.250140
0.292204
0.291827
0.333777
0.250632
0.292550
0.292236
0.333625
0.250481
0.292250
0.292155
0.333632
0.250549
0.292140
0.291904
0.333467
0.250198
0.292019
0.292313
0.334163
0.250605
0.292326
0.292418
0.333559
0.250390
0.291972
0.292501
0.333773
0.250514
0.292133
0.292466
0.333887
0.250104
0.292526
0.292564
0.333970
0.250843
0.292233
0.292495
0.333758
0.250250
0.292083
0.292290
0.334032
0.250790
0.292428
0.292399
0.334221
0.250214
0.292145
0.292484
0.334052
0.250238
0.292336
0.292510
0.333861
0.250874
0.292445
0.292534
0.333822
0.250344
0.292433
0.291809
0.333682
0.250726
0.291806
0.292551
0.334002
0.250606
0.292479
0.291860
0.334089
0.250329
0.292384
0.292221
0.333552
0.250579
0.292054
0.291873
0.334026
0.250765
0.291790
0.292177
0.333437
0.250693
0.292121
0.292198
0.334000
0.250332
0.292164
0.291922
0.333910
0.250364
0.291965
0.292492
0.333523
0.250337
0.292476
0.292425
0.334177
0.250722
0.292519
0.292366
0.333484
0.250669
0.292021
0.291936
0.333681
0.250641
0.292043
0.291807
0.333840
0.250400
0.292217
0.292176
0.333526
0.250105
0.291807
0.292426
0.333671
0.250539
0.291782
0.292481
0.334136
0.250313
0.292406
0.292559
0.333884
0.250649
0.292417
0.292161
0.333804
0.250702
0.291960
0.292189
0.333805
0.250547
0.292358
0.292386
0.333622
0.250168
0.292426
0.292361
0.333801
0.250410
0.291971
0.292227
0.333748
0.250345
0.292086
0.292319
0.334117
0.250434
0.292233
0.292353
0.333980
0.250406
0.292345
0.291964
0.333488
0.250528
0.292358
0.292192
0.333664
0.250885
0.291814
0.292369
0.333865
0.250739
0.292188
0.292387
0.334141
0.250381
0.292181
0.292042
0.334024
0.250719
0.292502
0.291873
0.333497
0.250355
0.292425
0.292514
0.334022
0.250426
0.292300
0.292103
0.334065
0.250411
0.292300
0.292453
0.334173
0.250424
0.292078
0.291937
0.333742
0.250459
0.292539
0.292507
0.333632
0.250494
0.292327
0.291873
0.334108
0.250275
0.292148
0.292232
0.334227
0.250416
0.292339
0.291824
0.334004
0.250531
0.291772
0.292127
0.334190
0.250639
0.292463
0.292354
0.333483
0.250529
0.292240
0.292556
0.334187
0.250886
0.291926
0.292029
0.333778
0.250231
0.291969
0.292311
0.333959
0.250863
0.292417
0.292167
0.333572
0.250332
0.291832
0.291899
0.333981
0.250738
0.291957
0.292086
0.333702
0.250295
0.292446
0.291991
0.334167
0.250675
0.291779
0.292550
0.333638
0.250586
0.292539
0.291924
0.333905
0.250232
0.292186
0.291783
0.333697
0.250723
0.292327
0.292555
0.334019
0.250511
0.292155
0.292491
0.334076
0.250554
0.291823
0.292157
0.333725
0.250346
0.292476
0.292327
0.333875
0.250689
0.292551
0.292142
0.333797
0.250897
0.292125
0.292335
0.333916
0.250431
0.292492
0.291921
0.333896
0.250445
0.291937
0.292493
0.333601
0.250831
0.292481
0.292520
0.333776
0.250403
0.292445
0.291952
0.334190
0.250835
0.292342
0.292015
0.333614
0.250585
0.291775
0.292389
0.333707
0.250893
0.291964
0.292404
0.334223
0.250656
0.292172
0.292239
0.333520
0.250432
0.292393
0.292316
0.334110
0.250897
0.292241
0.291812
0.334162
0.250489
0.292566
0.292037
0.334125
0.250777
0.292222
0.292416
0.334045
0.250331
0.291864
0.292559
0.334150
0.250207
0.292381
0.291957
0.333533
0.250112
0.291794
0.291856
0.334001
0.250534
0.292328
0.292421
0.334198
0.250488
0.292170
0.292409
0.333818
0.250178
0.292454
0.292080
0.333900
0.250786
0.292351
0.292125
0.333996
0.250340
0.291974
0.292141
0.333904
0.250406
0.292133
0.292154
0.333845
0.250281
0.292344
0.292278
0.333627
0.250705
0.292368
0.292528
0.333672
0.250463
0.292382
0.291970
0.334184
0.250318
0.291812
0.292102
0.333729
0.250832
0.292415
0.292529
0.334052
0.250532
0.292088
0.292148
0.334105
0.250629
0.292522
0.292109
0.333468
0.250422
0.292496
0.292213
0.333937
0.250607
0.291925
0.292463
0.333745
0.250859
0.292424
0.292316
0.333755
0.250573
0.292520
0.292039
0.334124
0.250898
0.292374
0.291953
0.334164
0.250556
0.291915
0.292316
0.333521
0.250569
0.291897
0.292526
0.333631
0.250186
0.292069
0.291999
0.333841
0.250332
0.292445
0.291878
0.334172
0.250137
0.291774
0.292016
0.334230
0.250765
0.292566
0.292085
0.333771
0.250852
0.292357
0.291995
0.334184
0.250498
0.292181
0.292448
0.333487
0.250662
0.292198
0.291908
0.333665
0.250662
0.291867
0.292196
0.334081
0.250503
0.292428
0.292022
0.334068
0.250640
0.292133
0.292339
0.334011
0.250474
0.291789
0.292341
0.333672
0.250121
0.291859
0.292344
0.334207
0.250783
0.291772
0.292491
0.333714
0.250519
0.292373
0.292101
0.333615
0.250337
0.292242
0.292179
0.334232
0.250676
0.291809
0.292413
0.333612
0.250803
0.291868
0.291780
0.333877
0.250567
0.292353
0.291988
0.333475
0.250708
0.292562
0.292047
0.334063
0.250187
0.291824
0.292370
0.334204
0.250162
0.292294
0.292018
0.333915
0.250434
0.292352
0.292430
0.334005
0.250361
0.292042
0.292337
0.333471
0.250418
0.292183
0.291984
0.333655
0.250617
0.291997
0.292432
0.333618
0.250117
0.291853
0.291993
0.334058
0.250181
0.292273
0.292221
0.333602
0.250663
0.292024
0.291906
0.334059
0.250885
0.292157
0.292074
0.333752
0.250276
0.291937
0.291857
0.333871
0.250546
0.292427
0.292242
0.334197
0.250376
0.292459
0.291952
0.334227
0.250223
0.291817
0.291945
0.333573
0.250236
0.292171
0.292531
0.333651
0.250211
0.292185
0.292153
0.334108
0.250776
0.292292
0.292267
0.334094
0.250216
0.291774
0.291946
0.333726
0.250278
0.292037
0.292496
0.334057
0.250230
0.292172
0.292354
0.333840
0.250397
0.292539
0.292167
0.333853
0.250123
0.292346
0.292326
0.333592
0.250283
0.292290
0.292143
0.333728
0.250241
0.292530
0.291936
0.333450
0.250589
0.292436
0.292444
0.334038
0.250777
0.291824
0.291863
0.333488
0.250427
0.291793
0.292445
0.333891
0.250532
0.292232
0.291831
0.334162
0.250538
0.292231
0.292116
0.333894
0.250343
0.291875
0.292386
0.333860
0.250732
0.291963
0.292488
0.334206
0.250259
0.291857
0.292557
0.334081
0.250859
0.292435
0.292219
0.334069
0.250825
