0.295257202
0.33746107999999997
0.336753187
0.337427534
0.33723811700000006
0.645838114
0.38777945
0.37873260599999997
0.378675173
0.378781843
0.754048506
0.42932317600000003
0.420781334
0.420399576
0.42068685299999986
0.4626281860000001
0.8712281820000001
0.420386218
0.4623275509999999
0.46204344399999986
0.4618465289999999
0.9758721659999999
0.4624683810000001
0.46214325899999986
0.5036214549999999
0.503651506
0.503878404
0.5039193750000001
0.503768665
0.5034719880000001
0.5034565400000002
0.504036728
0.503655857
0.503957808
0.545899141
0.5036304630000001
0.5455717959999999
0.545091752
0.5452101009999999
0.5453597290000001
0.503869374
0.545810707
0.5039506819999999
0.545892015
0.5451112170000001
0.5455362350000001
0.5451435909999998
0.5457707379999999
0.5453497550000002
0.5455815219999998
0.545283623
0.5456531999999998
0.5452120039999997
0.587354717
0.5452564579999999
0.5451028389999999
0.545456843
0.5457281950000001
0.5458188410000002
0.5877601739999998
0.5456654210000003
0.5876067539999998
0.5452427059999998
0.5873155689999998
0.545400044
0.587341377
0.5452998260000004
0.587241159
0.5456287089999998
0.5875700419999998
0.5451349990000001
0.5872528880000001
0.5869580829999999
0.5870077900000004
0.587345681
0.586995967
0.5874706920000001
0.587415939
0.586893372
0.586947114
0.587124127
0.5871036620000001
0.5452721779999998
0.5875269800000003
0.5872423319999998
0.5869101050000003
0.5869683499999998
0.586825841
0.5867649670000001
0.5875105649999997
0.5867713490000002
0.58748515
0.587302652
0.5873469180000002
0.586854523
0.5873053479999997
0.545606464
0.587547797
0.5875318409999997
0.5872187580000001
0.5870285060000002
0.5872447299999997
0.5872804240000002
0.5872465890000003
0.5875125190000001
0.5870861049999996
0.587502556
0.5874432110000001
0.5869620439999998
0.5868559290000004
0.5456795050000003
0.5876208380000003
0.5872195899999997
0.5868373039999999
0.5867450160000001
0.5869219220000002
0.5870074089999999
0.586973366
0.5870077640000004
0.5870323760000002
0.5869439309999995
0.5870391130000003
0.5869775260000001
0.5875065830000006
0.5454253819999995
0.5873667149999999
0.5872719310000001
0.5869796589999998
0.58682518
0.5872637730000001
0.5874584169999997
0.5871136849999994
0.5869685019999995
0.5871988410000002
0.586820275
0.5869410210000003
0.5867449459999996
0.5867828309999998
0.5453003230000002
0.5872416559999998
0.5868987590000003
0.5869545570000003
0.586773161
0.5873783499999998
0.587051861
0.5867781770000002
0.5867602720000002
0.5873192700000001
0.587011543
0.5870280359999995
0.5868116460000001
0.5872154739999997
0.5453825050000001
0.587327148
0.5871820570000006
0.5874331789999996
0.5874012209999995
0.586913988
0.5868728380000006
0.5874864010000005
0.5874377600000003
0.5867912549999996
0.5870600860000001
0.5868662630000001
0.587250096
0.5871403610000003
0.5870672840000006
0.5872550419999998
0.5871831909999994
0.5871715169999998
0.5874820310000004
0.587341951
0.5873860730000002
0.5875151929999998
0.5871803
0.5868979339999996
0.5867533700000003
0.5872005720000004
0.5874772040000007
0.5870249129999996
0.5874886080000001
0.5867488500000002
0.5875003870000004
0.5872757570000005
0.5870580220000008
0.5871424429999994
0.5871689349999993
0.5869192429999996
0.5873164309999996
0.5873017730000001
0.5868656440000004
0.5872141919999994
0.5873530279999999
0.5871857299999999
0.5873404549999997
0.5870631240000002
0.5867860900000004
0.5868677389999997
0.5867781659999993
0.587229282
0.5872992550000005
0.5875201969999999
0.5870312320000002
0.5871453289999993
0.58749539
0.5874715329999995
0.5873032629999999
0.5875087600000004
0.5871321050000002
0.5872404679999992
0.5869936719999993
0.5870807129999998
0.5872493179999996
0.586954059
0.5868164700000005
0.5867673399999997
0.5873565019999996
0.587245405
0.5869465829999996
0.5871329340000004
0.5870071780000004
0.5870722270000002
0.5868071259999992
0.5868202069999997
0.5875179570000002
0.5874075809999999
0.5871433310000009
0.586764047
0.5875353199999989
0.5871814959999995
0.5872533289999993
0.5872945749999996
0.5871616940000006
0.5867445609999997
0.586899904
0.587117084
0.5874760930000003
0.5874631670000001
0.5870858429999997
0.5870681979999999
0.5871636349999996
0.5873395160000001
0.5874089110000007
0.5868729530000003
0.5867535749999995
0.5874853810000005
0.5869002930000011
0.587370077000001
0.5871907860000007
0.587106876
0.5869630109999999
0.5874579639999986
0.5874391029999995
0.5870301369999993
0.5875381710000003
0.5874650599999995
0.5869457180000008
0.5871895020000011
0.5874891069999997
0.5869410380000009
0.5868309979999999
0.5872024359999983
0.5874956129999998
0.5872526919999999
0.587206995999999
0.586855517
0.5868297760000001
0.5871430899999996
0.5875786840000004
0.5871756189999999
0.5874712879999997
0.5872023190000011
0.5869751340000011
0.5873401999999999
0.5873352719999989
0.5869887089999999
0.5872855799999996
0.5874955649999993
0.5868187860000003
0.5869363659999998
0.5870624410000005
0.5870417979999996
0.5868543309999996
0.5869615440000011
0.5873319349999999
0.5868525019999993
0.5868386039999987
0.5874896529999987
0.587254003
0.5875397109999998
0.5868426909999993
0.5872970009999996
0.5871541469999997
0.5875503030000004
0.586961693000001
0.5875731430000002
0.5868178200000003
0.5870034680000007
0.5871282329999996
0.5868085039999986
0.5873910870000003
0.5870115209999991
0.5872228229999994
0.5875782219999994
0.5875637210000004
0.5869700939999998
0.5869789310000009
0.5872613019999999
0.5868776590000007
0.5870097170000008
0.5874096679999994
0.5871520999999991
0.5872635150000001
0.5874759990000005
0.587325645
0.5870074499999998
0.5875404999999994
0.5873762490000001
0.586909103
0.5872065030000009
0.5873279610000015
0.5869637940000008
0.5869155039999985
0.5868941079999992
0.5869260969999992
0.5870891969999992
0.5868792509999992
0.5869559169999992
0.5873046659999996
0.5872194840000002
0.5869764200000009
0.5871077529999997
0.5874430060000009
0.587411243
0.5870979749999989
0.5874187269999993
0.5867933369999996
0.5872889059999995
0.5870920279999989
0.5868829959999999
0.587510623
0.5869136959999999
0.5872470970000006
0.5871861379999999
0.5868016950000001
0.5869847420000003
0.5874055889999994
0.5875541949999992
0.587572991
0.5875266919999991
0.5871726989999999
0.5873129519999996
0.5869024849999995
0.5873002029999999
0.5874190590000001
0.5870405820000002
0.5868014000000006
0.5875103100000008
0.587208498999999
0.5873180659999999
0.587141793999999
0.5873969189999997
0.5868378189999994
0.5869967999999997
0.5872201619999995
0.5871477939999998
0.5868275270000005
0.5872254990000005
0.5868487000000009
0.587131556000001
0.5873204960000002
0.5875713229999988
0.5872572519999988
0.5869795919999987
0.5871694610000002
0.5872709470000004
0.5871763340000005
0.5869870499999994
0.5872371420000011
0.5871613250000003
0.586925742
0.5868218410000008
0.5868862760000013
0.5870402269999992
0.5873340439999986
0.5875173349999994
0.5872928089999991
0.5873474440000006
0.587439646
0.5869133069999997
0.5870775100000003
0.5869934400000005
0.5875222260000008
0.5871273300000013
0.5872022400000017
0.5871543880000001
0.587487123999999
0.5872417670000001
0.5867918880000005
0.5875478239999996
0.5875853230000008
0.5873243830000003
0.587531147
0.5872545750000011
0.5875159760000006
0.587112608
0.5869375220000013
0.587104308999999
0.5873116579999991
0.5873866640000003
0.587477633999999
0.5874494000000006
0.5874205050000008
0.58757591
0.5869016269999996
0.5871665490000009
0.5875052450000009
0.5874064360000002
0.5869259930000013
0.5873568909999989
0.5875317429999996
0.5872155039999996
0.5875623309999991
0.5874659700000002
0.5875548340000005
0.5871765710000005
0.5870323580000001
0.587453957000001
0.5868303390000005
0.5870362460000003
0.5874137810000004
0.5868276619999993
0.5875726289999985
0.5873569280000002
0.587294237
0.5875006040000006
0.5868815359999999
0.5874437589999992
0.5870169139999994
0.5874051940000005
0.5872424230000011
0.586906548
0.5872665940000008
0.5870749280000016
0.5868944579999997
0.5873802210000001
0.5874534770000004
0.5868117030000004
0.5871986570000001
0.5867914709999997
0.5873805940000008
0.5871423999999994
0.5872189750000008
0.5873549259999997
0.5870203700000012
0.587185808000001
0.586943497
0.5872647279999992
0.5870517660000001
0.5869858360000002
0.587512972999999
0.5868775470000003
0.5870254980000009
0.5874976019999991
0.5874464750000019
0.5875317339999988
0.5874102069999996
0.5875400110000015
0.5873874929999978
0.5868391209999988
0.587357205
0.5870419159999987
0.5869576680000002
0.5870358000000007
0.5873288440000017
0.5870641259999996
0.5868280209999988
0.5871943210000001
0.5870878300000015
0.5872386770000002
0.5871977920000013
0.5868804240000003
0.5867930770000029
0.5868287670000001
0.5874473500000015
0.5870254469999985
0.587226574999999
0.5868028470000013
0.5875021739999973
0.5874903409999988
0.5870006829999994
0.5874271479999997
0.5875798880000005
0.5872381799999999
0.5873367499999986
0.5874383620000003
0.5871819149999986
0.5871589570000033
0.5873903730000016
0.5869814079999998
0.5872100780000018
0.5871595789999979
0.5872353240000017
0.5873797459999999
0.5874073780000018
0.5869761679999996
0.586855872000001
0.5874473989999984
0.587382489000003
0.5871557020000004
0.5870980769999967
0.5869922810000006
0.5872481269999987
0.5871031540000011
0.5870330469999985
0.5871074759999999
0.5873406009999975
0.5874716220000025
0.5871223229999991
0.5872547750000017
0.587373963000001
0.587335006
0.5870939230000012
0.5873658499999976
0.5869851869999998
0.5868426729999996
0.5872162130000014
0.5873791009999998
0.5872136300000008
0.5870185859999992
0.587572509000001
0.5868357069999988
0.5873901650000022
0.5872198329999989
0.5874274530000001
0.5872095430000002
0.5874079999999999
0.5874953259999991
0.5870689419999984
0.5872024889999992
0.5870630279999993
0.5873790190000001
0.5874067699999976
0.587523154000003
0.586894173000001
0.586851817000003
0.5870426309999992
0.5874467729999999
0.5875354389999998
0.5873769539999998
0.5871135480000014
0.5873214020000006
0.5871239609999996
0.5874194710000005
0.5870992520000016
0.5873211470000008
0.5874741440000015
0.5875274650000009
0.5871122490000005
0.5870997739999986
0.5869580509999999
0.5870967580000013
0.5871474809999988
0.587560216
0.587528589999998
0.5869869350000023
0.5871817589999999
0.5873485900000013
0.5868942610000012
0.5874627019999998
0.5869630800000003
0.5871692889999984
0.5872537199999996
0.5875818489999993
0.5871044430000012
0.5873598929999986
0.5868456670000022
0.5873590739999983
0.5872186670000019
0.5867931059999982
0.5871480290000015
0.5875442150000012
0.5873265080000003
0.587483988999999
0.587375686999998
0.5868377600000017
0.5872171369999997
0.5872618309999993
0.5875772250000004
0.5875413850000015
0.5875736049999993
0.5869472760000001
0.587050142999999
0.5871330860000015
0.5869194919999998
0.5869907330000004
0.5873320210000017
0.5873132509999976
0.5875513229999996
0.5874382819999973
0.5871879520000007
0.5869264029999997
0.5870195710000026
0.5868536730000002
0.5869202520000023
0.5873360139999981
0.5874255660000003
0.5869779189999988
0.5871070879999998
0.587056233000002
0.5869830249999985
0.5874671169999992
0.5870124479999994
0.5875215330000003
0.587363105999998
0.5868001350000007
0.5875712929999999
0.586992243000001
0.5872739660000015
0.5875605180000001
0.5869456279999987
0.587259570999997
0.5869197929999999
0.5872077699999991
0.5868046570000018
0.5870512849999976
0.587410503000001
0.5873486779999979
0.5875765360000003
0.5873738270000004
0.587198960000002
0.5871764880000008
0.5875122289999979
0.587430530999999
0.5872421609999989
0.5868444820000001
0.5871785450000004
0.5870797270000025
0.5870344010000004
0.5874976330000017
0.5873479599999989
0.5872294260000004
0.5873767490000006
0.5875724080000033
0.5871629580000004
0.5871518559999984
0.587584543000002
0.5871462510000001
0.5873560980000008
0.5872705089999997
0.5871187689999999
0.587513726000001
0.586942079
0.5872505620000013
0.5871334959999999
0.5869587359999997
0.5875138469999968
0.5869560000000007
0.5875194139999991
0.5875023830000003
0.5875418259999989
0.587130375000001
0.5870908709999973
0.5874660560000002
0.5869729059999997
0.5875450320000013
0.5875225379999982
0.5873634500000016
0.5870367590000001
0.5869689389999984
0.5872730829999995
0.5867967189999987
0.5874103640000001
0.5870618329999999
0.5875811280000001
0.5869853230000004
0.5874256879999997
0.5875776699999982
0.5873435740000019
0.5871937860000003
0.5872601790000012
0.5868743430000016
0.5871195119999975
0.587414257999999
0.5873369049999972
0.5874650090000024
0.5875849940000002
0.5872627520000009
0.5868330079999993
0.5875164090000027
0.587177135000001
0.5875868350000033
0.5870587839999999
0.5874800059999998
0.5874648899999997
0.5872436889999975
0.5874370380000009
0.5873994279999977
0.5870191400000024
0.5868857970000008
0.587580367000001
0.5875042229999998
0.586894516000001
0.587402731000001
0.5869780560000031
0.5868876440000008
0.5868000539999976
0.586815743999999
0.5868773139999988
0.587355628000001
0.5872215300000008
0.5873494930000014
0.5874419700000004
0.5875530419999997
0.5871757510000002
0.587190875000001
0.5874300509999983
0.5871727459999967
0.5868656270000017
0.5874750589999991
0.5871011539999991
0.5872547620000006
0.5874738940000022
0.5873719380000004
0.5871467680000002
0.5873507849999982
0.5870276270000012
0.5869958060000009
0.5871622130000027
0.5872587670000016
0.5870936029999996
0.58715458
0.5871749899999976
0.587200119000002
0.5869693110000007
0.5873650460000022
0.5872997630000008
0.5869813639999997
0.587392788999999
0.5873890780000011
0.5875489919999985
0.5870263200000032
0.5871505709999987
0.5874029619999988
0.5869913619999991
0.5875383220000003
0.5870058369999995
0.5868334130000008
0.5871230680000004
0.5870834649999992
0.5875204730000014
0.5874362220000009
0.5875502260000012
0.5874063669999998
0.5872201599999975
0.5871089940000012
0.5871691509999977
0.5874597870000002
0.5873168
0.5875433640000018
0.587130553999998
0.5868224020000028
0.587109943999998
0.5875175440000007
0.5872345209999992
0.5872912540000002
0.5872945899999991
0.5869462839999997
0.5874846190000014
0.5870993789999979
0.5875473620000022
0.5874456109999997
0.5873376990000025
0.5871099330000007
0.5872605730000018
0.5875410609999996
0.5870602550000008
0.5874784109999993
0.5875864739999983
0.5873953229999991
0.5869738749999982
0.5875189469999995
0.5872435459999998
0.5869361009999992
0.5873373139999991
0.5868757060000007
0.5872570949999982
0.5869184650000001
0.5875474929999989
0.5869858950000015
0.5868738290000017
0.5870900479999968
0.5870202969999987
0.5871957729999977
0.5870195920000008
0.5874668189999994
0.5868990280000013
0.5875261819999977
0.5868251030000025
0.5867956459999988
0.5870375610000025
0.5875844649999991
0.587453257
0.5875872599999994
0.5871063979999995
0.5871258300000015
0.5875403209999988
0.5873786530000018
0.5870162410000006
0.5875387950000004
0.5871859760000007
0.5872021160000003
0.5874697419999997
0.5868415220000003
0.5873502170000009
0.5872190559999986
0.5869292279999989
0.587019312999999
0.5873495210000002
0.5868887209999976
0.587217208000002
0.5874353499999998
0.5871907690000029
0.5874495049999986
0.5870431230000008
0.5874223610000016
0.5873283230000013
0.587154151
0.587360541999999
0.5873654270000017
0.5871617970000003
0.5868101030000012
0.5873618920000006
0.5870270550000001
0.5868093630000004
0.5868802899999999
0.5873648849999995
0.5875616840000006
0.5874709429999996
0.5867931259999999
0.5875124790000008
0.5870689200000001
0.5872072410000015
0.5873942210000003
0.5871224420000019
0.5869694589999987
0.5870252770000022
0.5872636689999986
0.5872007710000027
0.5875867970000002
0.5873643910000013
0.5868299790000009
0.5874341469999997
0.5869671590000003
0.5874914839999974
0.5868892710000004
0.5868015199999981
0.587231807000002
0.5872554219999984
0.5873740620000021
0.5870092339999999
0.586829219000002
0.5873961660000013
0.5875831259999984
0.587068274
0.5874175289999997
0.5868754160000016
0.5868451589999992
0.5873912130000001
0.5875583589999991
0.5868502840000005
0.5873156920000007
0.5870392780000024
0.587269526
0.5871219140000008
0.5873737199999987
0.5874509839999966
0.5873591900000008
0.587049388999997
0.5870637559999992
0.5873579879999973
0.5868257800000016
0.587105734999998
0.5872041350000003
0.5870049389999998
0.5870092190000022
0.5873054059999987
0.5870184590000029
0.5874530259999986
0.5869728279999968
0.5868045210000012
0.5868742599999983
0.5870140470000003
0.5874126870000005
0.586869386
0.5872943209999981
0.5872422159999999
0.5869568019999996
0.5873514800000024
0.5870454289999998
0.5869271599999983
0.5874137650000009
0.5875731219999984
0.5871784389999988
0.5870952900000006
0.5871070350000025
0.5869641590000008
0.5869582750000006
0.5868782259999996
0.5872255480000028
0.5872340310000013
0.5874482130000018
0.5872633279999988
0.5875517649999971
0.587064348000002
0.5874802670000001
0.5869729839999991
0.5875817539999986
0.5869107259999993
0.586838010000001
0.5869665820000023
0.5869272479999985
0.5869242710000009
0.5871926300000005
0.5875519349999969
0.5870056569999988
0.5868989509999984
0.5872061510000002
0.5871744579999998
0.5874624310000023
0.5874635799999979
0.5873136189999997
0.5872881959999994
0.5874487019999997
0.5869040579999982
0.5867954860000033
0.5869677369999984
0.5870802159999968
0.5869657610000019
0.5870579629999995
0.5875177640000011
0.5874117919999975
0.5869181760000011
0.5871930919999961
0.5873755570000014
0.5871945239999974
0.5870853599999997
0.5875605409999984
0.5871882789999994
0.5872080859999969
0.5868105519999958
0.5873668610000031
0.5873473339999968
0.5869468229999981
0.5869714899999963
0.5873112680000041
0.5871644789999984
0.5870824409999997
0.5869294190000005
0.5875509380000032
0.5869568730000054
0.5868049990000017
0.5872765570000027
0.5874570679999991
0.5874657009999993
0.5873926140000023
0.5874645550000039
0.5868454379999974
0.5868848299999954
0.586842316000002
0.5871154009999984
0.5868145949999999
0.5874661069999974
0.5872455769999974
0.587219687000001
0.5872536640000021
0.5868521009999981
0.5875170469999986
0.587226206000004
0.5872523800000025
0.5871371329999988
0.5872487580000012
0.5870312410000054
0.5868964659999989
0.5874075799999972
0.587214730999996
0.5874197349999974
0.5869840590000024
0.5875091730000008
0.5875611539999994
0.5869469969999983
0.586878045000006
0.5875781530000026
0.5874355540000025
0.5875471139999959
0.5874558550000017
0.587240168000001
0.5874236679999996
0.5875132930000007
0.5873369979999978
0.5874779840000031
0.5870406940000024
0.5873635929999992
0.5873560909999966
0.5874982710000012
0.5869952800000036
0.5870217550000021
0.5875623720000007
0.5869243270000055
0.5874599610000004
0.5872267519999994
0.5872734599999987
0.5871207189999978
0.5874699920000026
0.587381925999999
0.5869402989999983
0.5870967229999948
0.5872136609999998
0.5871363580000022
0.587017895999999
0.5871868149999955
0.5872953549999949
0.5871079409999993
0.5871769680000014
0.5871429090000007
0.5870670549999986
0.5870448229999994
0.5867950769999979
0.5869027230000015
0.5869701149999997
0.5873440750000043
0.5867927070000007
0.5872228089999965
0.5871196679999997
0.5873607979999989
0.587133080000001
0.5873269479999976
0.5867945529999972
0.5871074519999979
0.5874632750000046
0.587466513999999
0.5875462039999988
0.5871487349999995
0.5869992330000002
0.5874281960000047
0.5869426610000019
0.587151532
0.5869369199999994
0.5873683220000032
0.5874998900000037
0.5871668159999999
0.5869671369999949
0.5872072460000055
0.5874867570000006
0.5873561049999978
0.5875621539999969
0.5869658120000025
0.5868129280000005
0.5875692310000034
0.5870805349999983
0.5869950429999946
0.5873253060000039
0.5870852420000006
0.5874298529999962
0.5868569739999998
0.5868580400000027
0.5869749330000005
0.5873959219999989
0.5868645939999979
0.587294385000007
0.5872711980000034
0.5875431079999984
0.5872525879999984
0.5868319329999991
0.586954341000002
0.587092785000003
0.5869865940000025
0.5873178729999964
0.5872417040000002
0.5875669160000001
0.5872297629999963
0.5868205199999963
0.5869460529999984
0.5868490090000051
0.5875192769999984
0.5875141579999976
0.5868231629999983
0.5868970890000043
0.5875390859999996
0.5868043939999978
0.587189623999997
0.5869461300000012
0.5873417000000032
0.587486865999999
0.5875879819999952
0.5874106739999974
0.5875569060000032
0.586974914999999
0.5872185959999996
0.5868334999999973
0.5874813000000003
0.5869017939999992
0.5867886079999991
0.5871458879999949
0.5869457260000033
0.5869549490000026
0.5874506729999993
0.5871443200000002
0.5874848219999933
0.5871043770000028
0.5871232370000001
0.587126585
0.5871368970000006
0.58728129
0.587187593000003
0.5870681729999987
0.5872074480000009
0.5872227560000027
0.5871772620000044
0.5871585350000004
0.5872391499999949
0.5875788859999957
0.5873166639999994
0.5869928500000015
0.5874777519999981
0.5873166469999944
0.5868155250000058
0.5874466580000046
0.587503562000002
0.5872461209999997
0.587492159
0.587396861000002
0.5873599139999968
0.5874927659999969
0.5869547499999967
0.5875176410000051
0.5868597150000028
0.5868174219999958
0.5870739609999944
0.5875565370000047
0.5871337990000001
0.5874091980000031
0.5870951220000009
0.587482695999995
0.5871024879999993
0.5874947149999983
0.5869628689999971
0.5875219359999946
0.5871294710000043
0.5873521310000029
0.5870924709999983
0.5875806219999973
0.587343017000002
0.5868211360000046
0.5869854720000021
0.5872327689999963
0.5873497819999969
0.5870129970000022
0.5870914280000008
0.5872653440000022
0.5874711169999998
0.5869955860000005
0.5870742050000004
0.5872430319999964
0.5869003529999972
0.5872409550000057
0.5871726720000012
0.5869720680000015
0.5872703769999958
0.5874586339999937
0.5869406050000023
0.5868161759999992
0.5872798320000001
0.5872477269999976
0.5875108720000028
0.5867943200000028
0.5871544419999992
0.5868857419999998
0.5875282560000059
0.587495913000005
0.5874498729999971
0.5870327270000004
0.5874885339999949
0.5872048900000024
0.5870658629999994
0.5868860060000003
0.5868496599999986
0.5868276449999996
0.587111003000004
0.5871530869999972
0.5873049889999962
0.5869941200000071
0.5873606740000028
0.5867911939999999
0.5874491519999978
0.5874730269999944
0.587244149
0.5870338240000024
0.5868570949999992
0.5869265259999992
0.5869044580000065
0.587009700000003
0.5869547019999999
0.5873962889999973
0.5874694269999949
0.586877573999999
0.5874026090000015
0.587035868000001
0.5869753160000002
0.5873428660000002
0.5869437810000022
0.5868371890000006
0.587587592999995
0.5868443150000004
0.5872540790000045
0.5870654559999977
0.5869423219999987
0.5873157389999974
0.5871051009999988
0.5872653249999971
0.586880825999998
0.5868220899999983
0.5874714450000056
0.5874535000000023
0.5868252849999962
0.5873325969999996
0.587338527
0.5872814330000011
0.5875784210000035
0.587407620999997
0.5874199589999947
0.5868948780000025
0.5868293210000033
0.587586660999996
0.5875031679999978
0.5875107479999997
0.5868762360000019
0.5873177770000026
0.5869586159999969
0.587063551
0.5870726429999991
0.5871143970000006
0.587112740000002
0.5870722359999974
0.587170712999999
0.5875788190000009
0.5873496919999965
0.5873250349999992
0.5873065580000016
0.5868667940000023
0.5870023590000031
0.5873993840000011
0.5869008840000021
0.5868858040000049
0.5872648839999997
0.5869381689999997
0.5874304009999989
0.587015411000003
0.5874316020000023
0.587420821000002
0.5868350319999962
0.587263562000004
0.5875277000000025
0.5868763539999975
0.5872622229999962
0.5874428679999966
0.586799101000004
0.5873504580000031
0.5871726449999954
0.5869697179999989
0.5868260100000029
0.5874572880000031
0.5872961150000009
0.5871507499999993
0.5869415240000038
0.5868788280000032
0.5871415690000035
0.5875032160000018
0.5874158619999932
0.586860128000005
0.5875820099999984
0.5868302219999961
0.5874715120000005
0.5868948940000038
0.5869280260000025
0.5871483959999964
0.5870450629999979
0.5875704260000063
0.5873758070000008
0.5868886650000036
0.5874032480000011
0.587422839999995
0.5873642270000019
0.5873429470000033
0.5875111929999974
0.5870384499999943
0.5871978150000032
0.5875222949999994
0.5868009080000007
0.5875824600000001
0.5869040130000016
0.5868389180000051
0.5874517470000029
0.5874121279999969
0.5872016679999987
0.5868052710000029
0.5875029549999979
0.5875552380000002
0.587520486999999
0.5873308180000052
0.5868273650000049
0.5875144970000008
0.5873730389999992
0.5875108769999997
0.5868213920000045
0.5875130650000031
0.5870712739999959
0.5870784549999968
0.5874954920000022
0.5868590810000001
0.5871791200000018
0.5873107389999959
0.5874939210000036
0.586955347
0.5870656860000025
0.5874171150000009
0.5872057969999958
0.5874755010000001
0.587351409
0.587218704999998
0.5874699609999965
0.5874674220000031
0.587269624000001
0.5873337080000027
0.5872915499999962
0.5868832920000031
0.5873509800000036
0.5872065049999975
0.5868505299999995
0.5872834669999989
0.5869493229999989
0.5868898949999988
0.5872099649999996
0.5875343619999995
0.5868127730000054
0.5872433560000019
0.5874594269999989
0.5870960469999957
0.5875338110000001
0.5873669190000044
0.5871671279999973
0.5871249309999982
0.5870896579999965
0.5870730490000042
0.5872922779999996
0.587367344999997
0.5869021639999943
0.5869100750000058
0.5872548460000004
0.5874655730000029
0.5873407799999981
0.5871368070000003
0.5873449950000023
0.5870224040000025
0.5868825149999992
0.5870485449999947
0.587117696
0.5874454950000043
0.5874670500000008
0.5871802249999973
0.5871409620000065
0.586828373000003
0.5872821210000012
0.5875629270000005
0.5875747349999969
0.5873068930000045
0.5872182829999986
0.5874461619999991
0.5868149399999965
0.587164094000002
0.5872250809999997
0.5871940680000023
0.5875010249999946
0.5875267390000047
0.5874791170000009
0.587205302000001
0.587306083999998
0.5867932809999985
0.5873273770000011
0.5869729300000017
0.5874708539999958
0.5870801569999955
0.5873217359999998
0.5872278490000014
0.5873145609999995
0.587416251999997
0.5874883940000046
0.5868442570000028
0.587273746000001
0.5873674440000016
0.5872364819999945
0.5868267080000038
0.5874078160000025
0.586930602999999
0.5868016350000005
0.5873945510000027
0.5874494959999979
0.5872319180000005
0.5872527139999946
0.5874764360000029
0.5868080119999988
0.5868897949999976
0.5870825040000014
0.5875210359999983
0.5868285340000057
0.5869736220000021
0.5871383389999991
0.587346617999998
0.5869789020000056
0.5868777160000036
0.5875315469999975
0.5868617559999976
0.5871698730000006
0.5872652830000007
0.5873016050000004
0.5868964339999962
0.587093534999994
0.5872019990000013
0.5869526910000005
0.5875792809999965
0.5869814419999955
0.5874011719999999
0.5868179900000001
0.5868012589999978
0.5875437750000003
0.586831624999995
0.587407810000002
0.5874052710000015
0.587275542999997
0.5870725239999999
