0.295257202
0.33746107999999997
0.336753187
0.37909419999999994
0.378904784
0.378732606
0.378675173
0.647275173
0.42010081299999996
0.420448509
0.420781334
0.420732855
0.7535434030000001
0.462151403
0.46235351999999996
0.5038445970000001
0.5037195510000001
0.503710111
0.872310111
0.5451558620000001
0.545777714
0.545452592
0.5452641220000001
0.9758721659999999
0.5869608389999998
0.5871877369999999
0.587228709
0.628744665
1.086778599
0.6353785989999999
0.62843254
0.6290127279999999
0.628631857
0.6285932759999999
0.628933808
0.670298568
0.67027313
0.670067752
0.7118527680000001
0.712002395
0.712232536
0.712178708
0.712270901
0.753926682
0.753420551
0.7538455690000001
0.7534529249999999
0.754080072
0.753659088
0.795557522
0.795259623
0.7956292
0.7956640509999999
0.7951880039999999
0.8368991250000002
0.836745506
0.837099509
0.837370862
0.837258214
0.8374615070000002
0.8374361830000001
0.837308087
0.645908087
0.8372915689999998
0.87855204
0.8783853629999998
0.8787093770000001
0.8788012740000002
0.8786091599999999
0.920394463
0.920604709
0.920562222
0.7535897800000002
0.9202674169999998
0.9203171229999998
0.9206550139999998
0.9203052999999999
0.9624466919999999
0.9623919389999998
0.9204334610000002
0.969033461
0.9208363129999999
0.9620796620000001
0.8645796189999999
0.9619148450000001
0.9622183320000002
0.9619443499999998
1.003552771
0.9617409670000001
0.9624865650000001
0.9617473489999997
1.004127817
1.003945319
1.0039895840000002
1.00349719
1.0039480150000002
0.872548015
1.0035162949999998
1.0039157969999999
1.0041745080000002
1.0038614249999998
1.0036711729999999
1.003887396
1.003889256
0.9759509939999997
1.0045509939999997
1.0041452229999996
1.0040858779999997
1.003604711
1.0451652619999998
1.0451596580000002
1.045655505
1.045528924
0.9758722980000001
1.0451466380000003
1.045054349
1.045231256
1.045282699
1.0453170969999999
1.087008376
1.045286859
1.094230859
1.045815916
1.094415916
1.0451553639999998
1.045401382
1.0452889919999997
1.0872479309999998
1.0868011799999997
1.0872397729999999
1.0874344169999999
1.087089685
1.0869445019999997
1.087174841
1.0867962749999998
1.086917021
1.0450542790000004
1.0450921640000002
1.0451535660000002
1.045276323
1.0452080930000003
1.0452638900000002
1.0450824939999999
1.0456876830000001
1.0453611939999998
0.9758764319999997
1.086754177
1.0869600000000004
1.0872952699999998
1.0870040360000002
1.0455248069999996
1.094124807
1.0453585049999994
1.0873031479999997
1.0457425119999995
1.0871580569999995
1.0452233210000004
1.0873772210000006
1.045795734
1.0868488379999999
1.0451005880000004
1.08741376
1.087036086
1.0455594289999999
1.0945034290000004
1.0037099509999998
1.0454496940000002
1.0038258580000003
1.0454808499999997
1.09408085
0.9826808499999995
1.0456512840000003
1.0942512839999998
1.0874911929999995
1.0452072679999995
1.093807268
1.0450627030000001
1.045509906
1.0457865379999998
1.0033915170000003
1.0519915169999998
1.045797941
1.0039184230000004
1.0458097200000003
1.0037851100000004
1.0453673549999998
1.0454782690000002
1.045228576
1.0872924309999998
1.0872777730000003
1.0455235250000001
1.0868416440000006
1.0454950629999997
1.087329028
1.0873164550000007
1.0451770719999995
1.0941290719999994
1.0869920000000004
1.045538615
1.0867541660000004
1.0458295309999999
1.0872752549999998
1.0870072320000004
1.0871213289999995
1.0874713900000001
1.0874475329999997
1.004151426
1.0037747719999999
1.087279263
1.045549801
1.0453030060000001
1.0455586510000003
1.087056713
1.0451258030000004
1.0869919999999995
1.08674334
1.0873325020000006
1.0872214050000002
1.0037148939999998
1.0923148940000003
1.0609148939999997
1.0895148940000006
0.978114894
0.9621193310000002
1.0507193309999998
1.0451295399999996
1.0034067139999996
1.052006714
1.0041779860000002
1.0454908299999994
1.0456039079999995
1.0872293290000004
1.0452092370000008
1.0938092370000003
1.086720561
1.0870930840000002
1.003758865
1.0923668649999998
1.087487167
1.0871098429999995
1.004099578
1.0871876350000003
1.0452302859999998
1.0938382859999995
1.0451109079999998
1.003881453
1.0524894529999997
1.0875093809999994
1.0454642099999996
1.0940722099999993
1.0453203450000004
1.045796437
1.0874819639999993
1.087054137
1.087562171
1.045498835
1.0941068350000007
1.0870160000000002
1.0874651070000008
1.0038451019999997
1.0924531019999995
1.0041382790000002
1.0038496630000004
1.0924576630000002
1.0034981829999996
1.0034724420000005
1.0037857569999993
1.092393757
1.004221351
1.0038182849999995
1.0038449849999997
1.0457806220000005
1.0456495329999997
1.0869511340000004
1.087311272
1.0869647089999992
1.045804898
1.0872615800000007
1.0867947860000005
1.086912366
1.0870384410000007
1.0870177980000006
1.0868303309999998
1.0869375440000004
1.0873079350000001
1.0868285020000004
1.0041823779999994
1.0927903780000001
1.0874656530000006
1.0872300030000002
1.0037968140000002
1.052404814
1.0458596369999995
1.0944676369999993
1.0458824769999993
1.0869376930000003
1.0867938200000005
1.086979468
1.0871042330000007
1.0457004210000003
1.0038654890000007
1.0924734890000005
1.0869875210000002
1.0458875550000002
1.0458730540000003
1.0039039679999995
1.0525119680000001
1.0452882639999999
1.0036523839999996
0.9760169889999997
1.0451869920000005
1.0039061819999997
1.0873856680000005
1.0457853319999995
1.0873016450000001
1.0870159999999993
1.0875164999999996
1.0873522489999994
1.0868851029999993
1.0456372940000005
1.0942452940000003
1.086939794
1.0868915039999996
1.0870160000000002
1.0869020970000003
1.0870651970000003
1.0868552509999994
1.0869319170000011
1.0872806660000007
1.0454170859999996
1.0940250860000003
1.0457523390000008
1.0943603389999996
1.045720575999999
1.0451026709999995
1.0937106710000002
1.0873947270000004
1.0454013619999998
1.0872649059999997
1.0868589959999992
1.0874866229999993
1.086889696
1.0872230970000007
1.045111027999999
1.0937190279999998
1.0869607420000005
1.045882323999999
1.0944903239999997
1.0458360249999998
1.0944440250000005
1.0454820319999998
1.0456222849999994
1.0452118190000004
1.0456095360000006
1.0451107339999997
1.0937187340000003
1.0870165819999995
1.087486310000001
1.0871844990000001
1.0872940660000001
1.087117794
1.0453061340000005
1.0939141339999994
1.0868138189999996
1.0871961619999997
1.087123794
1.086803526999999
1.0872014990000007
1.086824700000001
1.0871075559999994
1.0458806560000014
1.0036222590000001
1.0922302590000008
1.087233251999999
1.045478795000001
0.9761020309999999
1.0454856669999995
1.0872469469999988
1.0452963830000002
1.0452350750000008
1.0451311739999998
1.0937391739999995
1.0451956089999985
1.04534956
1.045643377000001
1.0458266690000002
1.045602142
1.003555974000001
1.052163973999999
1.0041648930000004
1.0527728930000002
1.101380893
1.049988893
1.0038449069999995
1.0454366630000003
0.9764127130000002
1.0457964569999998
1.045551101000001
1.094159100999999
1.086767887999999
1.087561323000001
1.0873003830000005
1.0875071470000002
1.0872305749999995
1.045421941999999
1.087491975999999
1.0869135219999997
1.087080309000001
1.087287658000001
1.0873626639999987
1.0874536339999992
1.0874254000000008
1.087396505000001
1.0452109600000004
1.0875519100000002
1.045814579
1.087142549000001
1.0452353270000003
1.0873824360000004
1.0873328910000009
1.0875077429999997
1.0871915039999998
1.0875383309999993
1.0874419700000004
1.087530833999999
1.087152570999999
1.0870083580000003
1.0874299570000012
1.0457231140000012
1.0943311139999992
1.045136995
1.0940969949999992
1.0875486289999987
1.0458099380000014
1.0944179379999994
1.045190868999999
1.0937988690000005
1.045753092
1.0869929139999996
1.0873811940000007
1.0872184229999995
1.0868825480000002
1.087242594000001
1.087050928
1.086870458
1.0873562209999985
1.0874294769999988
1.0451210369999995
1.0451008040000005
1.0871746570000003
1.0454517330000002
1.087356594000001
1.0871949749999992
1.087330926
1.0869963699999996
1.045574061
1.0941820610000015
1.0869194970000002
1.045295169000001
1.045822307
1.0944303069999997
1.0868535470000005
1.0870014979999993
1.087473602000001
1.0874224749999986
1.0875077340000008
1.0873862069999998
1.087516011
1.0873634929999998
1.0868151210000008
1.0873332050000002
1.0870179159999989
1.0869336680000004
1.0456381770000007
1.0942461770000005
1.0037304970000012
1.0523384969999992
1.045503655000001
1.094111654999999
1.0455480109999993
1.0455071250000003
1.0451024110000002
1.0868564240000005
1.0868047669999985
1.08742335
1.0870160000000002
1.0872025749999992
1.045811508
1.0870160000000002
1.087466340999999
1.0458892209999995
1.0944972209999992
1.087403148
1.0455475140000008
1.0457476959999994
1.0873127500000006
1.0454682900000005
1.0871579150000006
1.0452907409999987
1.0038779900000012
1.0924859900000001
1.0871860780000002
1.0456890789999989
1.0942970790000004
1.0452855010000004
1.0873833780000002
1.0868318720000012
1.0874233989999986
1.0873584889999997
1.0871317020000006
1.0870740770000005
1.086968280999999
1.0872241270000007
1.0870791540000013
1.0870090469999987
1.087083476
1.0873166009999995
1.0039776729999996
1.0525856729999994
1.101193673000001
1.0898016730000002
1.0584096729999999
1.0454032560000002
1.0456751840000003
1.0451520060000004
1.0870160000000002
1.0871922130000016
1.087355101
1.0871896299999992
1.0869945860000012
1.0875485089999994
1.086811706999999
1.0873661650000006
1.045736787000001
1.094344786999999
1.045717333999999
1.0871855429999986
1.045511822
1.0941198219999997
1.0870449420000003
1.0457161030000002
1.094324103
1.0873550190000003
1.045203506
1.0874991539999996
1.0451611510000003
1.0458447730000007
1.0944527729999987
1.0874227730000001
1.0454228819999987
1.087352954
1.087297401999999
1.0870999609999998
1.0873954710000007
1.087075252
1.0872971469999992
1.087450144
1.0037394240000008
1.0923474239999997
1.087088248999999
1.0042028829999996
1.0928108830000003
1.0454568149999997
1.0940648150000012
1.0038244259999995
1.052432426000001
1.0869629350000007
1.0456579240000003
1.0868702610000014
1.045478622000001
1.094086621999999
1.0869390800000005
1.0458911830000002
1.0872297199999998
1.0870804429999996
1.0873358930000006
1.0868216670000006
1.0873350739999985
1.0871946670000003
1.0870159999999984
1.087124029
1.0875202149999996
1.004018353000001
1.0873025080000005
1.0874599889999992
1.0039044980000007
1.0525124980000005
1.0871931369999999
1.0458507180000005
1.0875532250000006
1.0452566090000008
1.0938646089999988
1.0452288250000006
1.0938368250000003
1.087109086
1.0456413550000008
1.0869667330000006
1.0872892509999996
1.0875273229999998
1.0452357359999986
1.0938437360000002
1.0034963399999999
1.0921043400000006
1.0039786799999995
1.0925866800000001
1.0452295860000014
1.0457348989999993
1.0452872519999996
1.0453655659999992
1.087083088
1.0869590250000005
1.0458308659999993
1.0944388660000008
1.0869884480000014
1.0451094680000015
1.0937174679999995
1.087547293
1.0869682429999994
1.087249966
1.0875365180000003
1.086921627999999
1.087235570999999
1.086895793
1.0871837699999993
1.0870160000000002
1.0870272849999996
1.0458858689999992
1.0944938690000008
1.0873246779999999
1.0873498270000006
1.0871749600000005
1.0871524879999992
1.0874882289999999
1.0455514939999997
1.0941594939999995
1.0868204820000003
1.0454878779999994
1.0453890599999998
1.0870104010000006
1.087473633
1.003805625
1.0524136249999998
1.101373624999999
1.089981625
1.0037889179999997
1.0523969179999995
1.101004918000001
1.0496129179999993
1.0039131749999992
1.0456654310000015
1.0041563930000006
1.0452514120000007
1.0938594120000005
1.0454428300000007
1.0940508299999987
1.0458231799999993
1.086934736
1.045828748
1.0869319999999991
1.0874783830000005
1.0875178259999991
1.0871063749999994
1.087066871000001
1.0874420559999987
1.086948906
1.0875210319999997
1.0874985380000002
1.0873394499999982
1.0453460929999991
1.0451060529999996
1.0937140530000011
1.0872490830000014
1.045371165999999
1.087386364000002
1.0042203369999978
1.0528283370000011
1.0875571280000003
1.0456529069999991
1.0942609070000024
1.045569512000002
1.0871697859999987
1.0868503429999983
0.9624410090000008
1.091049008999999
0.9625609940000004
0.9208257420000017
1.0894337420000006
1.0873129049999992
1.0039054189999987
1.0034756750000007
0.9625628349999982
0.9620347839999983
1.045486468
1.0041226719999994
1.0040797049999988
1.052687705000002
1.0035284640000004
1.0521364640000002
1.1007444639999981
1.087016000000002
1.0458135560000006
1.0875563669999995
1.0868705159999994
1.0873787309999976
1.0869540559999997
1.086863644000001
1.0867760539999995
1.0451866479999996
1.0937946480000011
1.0455308629999998
1.0873316279999976
1.0457513039999995
1.0873254930000016
1.087529042
1.0871517510000004
1.0871668750000012
1.0874060509999985
1.0457843930000017
1.0943923929999997
1.003897428000002
1.092505427999999
1.0870771540000028
1.0039934509999995
1.0526014509999975
1.003670293999999
1.0922782939999998
1.0871227680000004
1.003901434000003
1.052509434000001
1.0037972459999978
1.0454029359999986
1.094010936
1.0038427859999999
1.0452786439999997
1.0938866439999977
1.0456743790000012
1.0457021230000016
1.0943101229999996
1.0869573639999999
1.045858325000001
1.094466324999999
1.0454599040000012
1.0870023199999999
1.0457122960000014
1.0869673620000029
1.087514321999997
1.0869818369999997
1.086809413000001
1.0870990680000006
1.0870594649999994
1.0874964730000016
1.0040490330000011
1.0874122219999975
1.0875262259999978
1.0454183270000001
1.0871961600000013
1.0456261330000025
1.0942341330000005
1.0874357870000004
1.0875193639999985
1.0454192770000006
1.0940272769999986
1.0867984019999994
1.0874935440000009
1.0456005880000028
1.0942085880000008
1.045603922999998
1.0037420459999993
1.0457939520000004
1.086922284
1.0039803660000004
1.0525883659999984
1.0457549440000022
1.0039032399999996
1.0454192659999997
1.0453695889999999
1.0457877439999983
1.0943957439999998
1.0458958070000008
1.0873713229999993
1.087016000000002
1.0874949469999997
1.087219546
1.0451850389999997
1.0937930389999977
1.0455664290000009
1.0941744289999988
1.0868944650000003
1.0875234930000026
1.0869618949999982
1.0453296310000013
1.0939376309999993
1.0870660480000005
0.9757639169999983
1.0453289249999997
1.0939369250000013
1.0874428189999996
1.0036802280000003
1.092288228000001
1.0608962280000007
1.0458937980000016
1.0945017979999996
1.0458965929999984
1.0874292570000001
1.0454351640000006
1.0870823979999997
1.0456879870000009
1.087516320999999
1.045848128000003
1.0869922410000008
1.0034841889999981
1.0520921889999997
1.0457790749999987
1.0943870750000002
1.003861722
1.0452385610000015
1.0938465609999994
1.0453286460000015
1.045198054
1.0455265409999974
1.094134540999999
1.0457446829999988
1.0871667689999995
1.0874255049999988
1.087019123000001
1.0873983610000018
1.045669875999998
1.0942778759999996
1.0871301510000002
1.0873414269999984
1.0451194370000003
1.0871377970000005
1.0873378920000007
1.0870030549999967
1.0451896229999988
1.0937976230000004
1.0458710179999997
1.0873408849999997
1.0874469429999998
1.086769126
1.0874884789999975
1.0870449200000003
1.0871832409999982
1.0873702210000005
1.087098442000002
1.0453346100000012
1.0869454590000025
1.0455730029999977
1.0458961309999992
1.0871767709999993
1.0457434810000024
1.0943514810000003
1.045276493000003
1.093884493000001
1.045800817
1.0451986039999994
0.9762389509999991
1.0451108530000006
1.0872078069999986
1.0872314219999986
1.004038831999999
1.0869852340000001
1.0868052190000022
1.0458924589999974
1.045377606999999
1.0451847490000006
1.0873935289999999
1.0868211589999994
1.045867691999998
1.0944756919999996
1.0456250259999997
1.0868262840000007
1.087015277999999
1.0872455260000002
1.087097914000001
1.0873497200000024
1.0874269840000004
1.0453587229999997
1.0939667229999976
1.0456673209999998
1.0870397559999994
1.0868017800000018
1.0870817350000017
1.087180134999997
1.0453185520000012
1.0870159999999984
1.0456147390000012
1.0036154950000018
1.0035169269999997
1.0921249270000004
1.0874290260000024
0.9618453860000002
1.0453233809999993
1.0939313809999973
1.0039369879999995
1.0038848830000013
1.0924928829999985
1.0036880959999976
1.0522960959999992
1.087327479999999
1.045236494000001
1.003821105
1.087389765000001
1.0454046239999997
1.0940126240000012
1.045416368999998
1.0452676079999996
1.0451875589999986
1.0937955590000001
1.0039059950000002
1.0525139950000018
1.0041944319999985
1.0928024319999992
1.087424213000002
1.0453736819999975
1.0452823180000017
1.0938903179999997
1.0875577540000023
1.0452759159999978
1.093883916000003
1.087016000000002
1.0455019629999995
1.0941099629999975
1.0869002709999975
1.0875279350000007
1.086981656999999
1.0868749510000022
1.0871821509999968
1.0457717640000013
1.0947317639999987
1.0874395800000016
1.0872896189999999
1.0452133910000008
1.0938213910000023
1.0037228829999982
1.0923308830000025
1.0036084279999997
1.0922164279999969
1.0869437369999986
1.045367296000002
1.0458270980000002
1.045721125
1.0870159999999984
1.045503858
1.094111857999998
1.087351556999998
1.045497612000002
1.094105612
1.0875365410000022
1.0451198849999983
1.087184085999997
1.0036141570000012
1.0922221569999984
1.003953935000002
1.092561934999999
1.0869228230000019
1.0454738129999974
1.0453917749999988
1.0458602709999987
1.0869054190000007
1.0869328729999985
1.086780999000002
1.0457664019999982
1.0943744019999997
1.0457750339999983
1.087368613999999
1.0874405550000006
1.0868214380000012
1.0868608299999991
1.0868183160000022
1.0870914010000021
1.0867905949999965
1.0874421069999975
0.9624930469999988
1.0911010469999987
1.0871956870000012
1.0038688719999982
1.0924768720000024
1.0868281010000018
1.045561712999998
1.0454464660000014
1.0455580910000002
1.0453405740000008
1.0457169130000032
1.0040624009999988
1.0926704009999995
1.0452933930000015
1.0939013929999994
1.0458185059999998
1.0452563300000008
1.0875371539999996
1.0458874869999981
1.0868540450000026
1.0038828339999988
1.0924908339999995
1.0875231139999997
1.0457330020000022
1.0943410020000002
1.0456463320000005
1.0874892930000009
1.0453500269999978
1.0874539839999997
1.0873395929999994
1.0873320910000004
1.0874742710000014
1.0453310890000012
1.0939390889999991
1.0452336599999974
1.0875383719999974
1.0874359610000006
1.0872027519999996
1.087249459999999
1.0870967190000016
1.0874459920000028
1.0873579259999993
1.0869162989999985
1.0454456920000013
1.0940536919999992
1.087189661
1.0453272290000015
1.0454961480000016
1.0454863010000004
1.094094301000002
1.0870839409999995
1.045376388000001
1.0871189090000009
1.0870208229999996
1.0452120570000005
1.093820057000002
1.086946115
1.0873200749999974
1.086768707000001
1.0454290010000022
1.0871988090000002
1.045442413
1.0873367980000026
1.0873029479999978
1.0867705529999974
1.0457758480000017
1.0943838479999997
1.0874392750000013
1.0875222040000025
1.0453085659999992
1.0871247350000033
1.004010989000001
1.0926189889999982
1.0869186609999986
1.0871275320000002
1.0458092240000028
1.0944172240000007
1.0452764699999975
1.0938844700000026
1.0871832459999986
1.0874627570000008
1.0873321050000015
1.0875381540000006
1.0869418120000027
1.0039679730000017
1.0925759729999989
1.087545231
1.0870565349999985
1.0453945759999996
1.0940025760000012
1.0457391860000023
1.0036175989999983
1.0522255990000033
1.086832974
1.0451739270000004
1.087371921999999
1.087270385
1.045852441000001
1.087247198
1.0451412659999981
1.0872285879999986
1.0454021179999984
1.0869303409999986
1.0869625939999992
1.0872938730000001
1.0034631860000012
1.0920711860000019
1.0875429159999968
1.087205763
1.045255387000001
1.0451583420000006
1.0458234920000002
1.0874952770000021
1.086799163000002
1.0870159999999984
1.0451137270000004
1.0454989569999995
1.094106957000001
1.0452554630000002
1.0458973159999978
1.094505316000003
1.0874628660000027
1.0873866739999976
1.0875329059999999
1.0034761669999988
1.0920841669999994
0.9617646079999993
1.0907246080000021
1.0457906329999993
1.0037885549999999
1.0523965549999978
0.9624266729999995
1.0452550599999988
1.0037869870000016
1.0869309489999992
1.0457941549999994
1.0454137099999983
1.0870992370000003
1.0871025850000002
1.0871128970000008
1.0453775070000013
1.0939855069999993
1.0871635929999997
1.0454865949999999
1.0940945949999978
1.0871987559999994
1.0871345350000006
1.0872151500000022
1.0875548859999995
1.0872926640000031
1.086968849999998
1.0456259800000005
1.0942339799999985
1.0451248580000012
1.0457559920000001
1.0874795620000022
1.087222121
1.0457061949999975
1.0943141950000026
1.0458020999999995
1.0873359140000005
1.087016000000002
1.0874936410000018
1.0868357149999994
1.0867934219999995
1.0870499609999982
1.0875325369999977
1.0871097990000003
1.0037451549999972
1.0923531550000014
1.0041373819999997
1.0527453820000012
1.1013533819999992
1.0037721379999986
1.0523801380000002
1.045661465000002
1.094269465
1.0458899549999998
1.087068471000002
1.045130469
1.0873190170000022
1.0869614719999987
1.087208769
1.0453223300000012
1.0873257820000006
1.087067428000001
1.0872413439999988
1.087447117
1.045552364999999
1.0941603650000005
1.0870502050000006
1.086876353000001
1.0452814010000004
1.093889401000002
1.0455797099999984
1.09418771
1.0457679669999997
1.086916604999999
1.0041535389999972
1.0927615390000014
1.0034369860000005
1.0872558320000003
1.0872237270000014
1.0454637749999982
1.086861742
1.087504255999999
1.0874719130000017
1.0874258730000008
0.9618620060000005
1.0037085300000008
1.092316529999998
1.0874645339999987
1.003492326
1.0921003260000006
1.0034703119999975
1.0037536699999983
1.0454624209999999
1.0040033400000006
1.0526113399999986
1.045303452999999
1.0040918180000027
1.0457823600000005
1.094390360000002
1.0453431569999978
1.0872201490000002
1.0868330949999994
1.045213791000002
1.0938217909999999
1.0869856999999996
1.087016000000002
1.0873722889999975
1.0874454269999987
1.003617981999998
1.0922259819999987
1.003985531999998
1.0925935320000022
1.003586448
1.0921944480000008
0.9622300790000011
1.0451465219999996
1.045896926000001
1.0037081230000027
1.0868203150000006
1.0452516550000013
1.045625072
1.0454144349999979
1.0872413250000008
1.0868568259999982
1.086798090000002
1.0874474450000022
1.0874295000000025
0.9764433090000004
1.0456419299999986
1.086801285
1.0873145270000002
1.0040626260000032
1.0930226259999998
0.962479167999998
1.0910871680000014
1.045204211999998
1.0451386549999988
1.0458959949999986
1.0035189019999997
1.0039604440000005
1.087486748
1.045267950000003
1.045381975999998
1.0939899760000031
1.045422074000001
1.0870903970000008
1.0454800460000016
1.0870482360000011
1.087554819000001
1.0873256919999967
1.0873010349999994
0.9759090350000008
1.0872825579999983
1.086842793999999
0.9622408839999999
1.0908488839999997
0.9619141689999999
1.0873753840000013
1.0040730670000002
1.0926810669999973
1.045324744000002
1.0457409360000014
1.045730155000001
1.0451443660000024
1.045837032999998
1.087239561999997
0.9762153470000001
1.0870159999999984
1.087238223
1.0874188680000003
1.045481977999998
1.0940899779999995
1.0039387820000023
1.0925467819999994
1.0868020099999995
1.0035841910000016
1.0921921909999988
1.0451881609999987
1.0937961610000002
1.045450902999999
1.0458125500000008
1.0457251959999994
1.045891343000001
1.0868361280000016
1.0868062219999999
1.0874475120000007
1.087016000000002
1.0869040259999991
1.0453543960000005
1.087124396
1.0875464259999994
1.087351807000001
1.0868646650000002
1.0873792480000013
1.0456522809999989
1.0942602810000004
1.0873402269999985
1.0453477830000004
1.0455071480000022
1.0941151480000002
1.0458316279999984
1.0451102419999998
1.0875584600000003
1.045761081000002
1.094369081
1.0457214609999994
1.094329461000001
1.0871776680000025
1.086781271000003
1.0874789549999981
1.0875312380000004
1.0034700320000027
1.0874964869999992
1.0458238309999999
1.0944318310000014
1.0034640579999987
1.0520720580000003
1.0458223979999985
1.094430398
1.0458048250000012
1.0944128249999991
1.0870544550000005
1.0454884529999973
1.0868350809999967
1.045803253999999
1.0872867389999996
1.0453750200000016
1.0869313470000002
1.004118167999998
1.0927261680000022
1.0456607429999991
1.094268742999997
1.045779293999999
1.0871947049999982
1.0457767550000021
1.0456430419999982
1.0872456240000012
1.045660312999999
1.0942683130000006
1.0034931960000009
1.092101195999998
1.045515838
1.0455928000000014
1.045258655999998
1.0458436959999986
1.0944516960000001
1.0871859649999998
1.045552690000001
1.0867887729999985
1.0874354270000026
1.087072047000003
1.0875098110000003
1.0873429189999975
1.0454342640000007
1.0940422639999987
1.0870656580000002
1.0870490490000009
1.0872682779999998
1.0452194079999977
1.0938274080000028
1.0455641789999994
1.0941721789999974
1.0874415729999996
1.0873167800000019
1.0871128070000005
1.0873209950000025
1.0869984040000027
1.0868585149999959
1.0870245449999985
1.0870936960000002
1.0454895590000035
1.094097558999998
1.087443050000001
1.0451377059999984
1.0937457060000035
1.0872581209999979
1.045884068000003
1.0456162270000036
1.094224226999998
1.0038677479999976
1.052475747999999
1.1010837480000042
1.0896917479999964
1.004143691000003
1.0871400940000022
1.0458360720000037
1.0944440719999982
1.0039487500000028
1.09255675
1.0871813020000012
1.0456367110000038
1.0867692810000023
1.0869489299999984
1.087446854000003
1.0870561569999992
1.0872977359999965
1.0457255850000031
1.0943335849999976
1.087290560999996
1.0039164130000024
1.0040101099999994
1.0874643939999977
1.0868202569999994
1.045545814999997
1.045717149999998
1.0943251499999995
1.0451109679999995
1.0869066030000027
1.0457588290000004
1.0873705509999994
1.045562046999997
1.0457857699999984
1.09439377
1.0037251709999992
1.0867840120000025
1.0458303690000008
1.0944383690000024
1.045137867000001
1.0869496220000059
1.0871143390000029
1.0873226180000017
1.0035044230000025
1.0921124230000032
1.0868537160000002
1.0038125400000055
1.0875075470000013
1.0455746169999998
1.0456109379999958
1.0452057669999988
1.0454028679999965
1.0455113320000038
1.0458886150000026
1.0870159999999984
1.0869574419999992
1.0873771720000036
1.0870159999999984
1.0458531080000029
1.0944611080000044
1.0040479380000065
0.9622697080000009
1.0908777080000007
0.9622715539999973
1.0873838099999986
1.0038169850000003
1.092424985000001
1.0870485239999965
1.0450975449999973
1.0036164999999997
1.087204590000006
1.087190851999999
1.0458882619999983
1.0454740690000008
1.0038811580000058
1.0924891579999993
1.04522635
1.0868446449999993
1.0457036339999988
1.0872265180000014
1.0456682849999979
1.0869280969999977
1.0868758350000007
1.0873420949999968
1.0874996420000045
1.0035637730000033
1.092171772999997
1.0607797730000001
1.087312814999997
1.0456019229999995
1.045274065000001
1.0938820649999954
1.087368607000002
1.045186464000004
1.0937944639999984
1.087428273999997
1.0454691620000034
1.086791568999999
1.087239449000002
1.0867917810000023
1.086776419000003
1.045310948000001
1.0868663009999935
1.0040210169999995
1.086767347999995
1.045181325999998
1.0937893259999996
0.9823973260000045
1.0456438430000006
1.0942518430000021
1.087004841999999
1.0871689390000014
1.0870814620000004
1.0870989239999957
1.0453504379999998
1.0869470339999978
1.0872020409999976
1.0869185719999948
1.045236702000004
1.0938447019999984
1.0873351469999974
1.045603843000002
1.0451257040000002
1.0937337040000017
1.087507974999994
1.0036146480000028
1.0922226479999964
1.0867971050000023
1.086819939999998
1.0456058870000007
1.0868477200000015
1.0453946680000001
1.0940026679999946
1.0873748550000002
1.0451959589999973
1.0869637480000023
1.045185017999998
1.0454258599999946
1.0940338599999961
1.087279414000001
1.086794250000004
1.0875025019999995
1.0874974650000055
1.0871117120000022
1.0452138329999983
1.087037426000002
1.045808799999996
1.045368405000005
1.0939764049999994
1.0457000689999987
1.0872466140000014
1.0871744399999983
1.0454517479999978
1.0940597480000065
1.0871944929999984
1.0871016159999982
1.087006645999999
1.0454908889999999
1.087151519999999
1.0451934069999993
1.0871906269999982
1.0457203610000008
1.0458042620000043
1.0944122619999987
1.0458719439999982
1.0451028880000024
1.0867867750000002
1.0454038479999994
1.0868262950000016
1.045488155000001
1.0454340980000012
1.0940420980000027
1.0455568049999968
1.087088288000004
1.0874484770000024
1.0455826260000052
1.0941906259999996
1.0457416980000005
1.094349697999995
1.045809192
1.0454243119999944
1.0870520280000022
1.0454196309999944
1.0035655560000052
1.0921735559999988
0.9622924439999991
1.090900443999999
0.962390745999997
1.0452974510000033
1.0939054509999977
1.003790973000001
1.087028232999998
1.0453030529999978
1.0453645680000037
1.0939725680000052
1.0452776639999968
1.0455698819999952
1.087036789999999
1.0870066259999973
1.087543064000002
1.0875577589999992
1.0454131619999956
1.0940211620000042
1.0036309719999963
1.0040291890000006
1.0926371889999942
1.0454834610000034
1.0940914609999979
1.0453278259999976
1.0874495980000063
1.0452709600000034
1.045654804999998
1.0942628049999996
1.0458682330000002
1.0867966790000025
1.0872789440000048
1.0874733919999997
1.086869789000005
1.0874790619999999
1.0457315660000006
1.0034706200000016
1.0920786200000023
1.087305807
1.0036222470000027
1.0922302469999963
1.0040947959999968
1.0527027959999984
1.045317617000002
1.0038935769999995
1.045371289000002
1.045740526000003
1.0453650480000007
1.0453936919999975
1.0458182779999987
1.0870159999999984
1.045404406000003
1.0940124060000045
1.045349950000002
1.0939579499999965
1.045342257999998
1.087301564999997
1.0875269980000013
1.087182550999998
1.087059037000003
1.0454867849999943
1.0451073139999991
1.0937153140000007
1.0455925730000004
1.0458223750000002
1.0944303749999946
1.0038000929999953
1.092408093000003
1.087093472999996
1.0872308490000009
1.0457557630000025
1.094363762999997
1.0457111240000003
1.0456198920000048
1.0942278919999993
1.0868517460000007
1.08701662
1.087129750999999
1.0456221059999962
1.0942301059999977
1.087312978
1.045300404999999
1.0870404059999998
1.045553022
1.0941610220000015
1.0873474790000017
1.0454183769999972
1.0455160200000009
1.0941240200000024
1.0875115750000006
1.0454343600000016
1.094042360000003
1.0871783639999961
1.0873900609999936
1.0870834329999965
1.0867962660000003
1.0454590719999999
1.0940670720000014
1.0871621260000026
1.0869819520000021
1.0870159999999984
1.087495165
1.0870160000000055
1.086788540999997
1.0872848750000017
1.0873629399999984
1.0452620249999995
1.093870025000001
1.0875374949999994
1.0456198060000048
1.0872317480000007
1.0042042290000026
1.0928122289999962
1.0875081540000053
1.0456249649999947
1.0942329649999962
1.0453999189999976
1.087145233000001
1.086812676000001
1.087563920000001
1.0870141610000061
1.0455116170000025
1.0874287559999942
1.045588151000004
1.087351186999996
1.0457167870000035
1.0453392530000016
1.093947252999996
1.0454291769999955
1.0455572049999944
1.0869451929999983
1.0873065940000046
1.0868763579999978
1.0457305660000031
1.0943385660000047
1.0873311349999994
1.0870991930000002
1.0874434219999998
1.045444503000006
1.0940525030000003
1.0872638849999987
1.0870931999999982
1.087153348000001
1.0870553239999978
1.0870187450000017
1.0871269109999986
1.0451162890000063
1.045762829999994
1.045164964999998
1.0937729649999994
1.0457332309999998
1.0458297220000006
1.0868796580000009
1.0870141820000043
1.0452812329999972
1.0938892329999987
1.0456196319999975
1.0942276320000062
1.0874291249999999
1.0872797429999963
1.0034465159999968
1.0920545159999975
1.0870889970000022
1.0870223370000005
1.0040797489999989
1.0526877490000004
1.0038271109999997
1.0867894719999995
1.0458022279999994
1.0455531429999994
1.0451936620000026
1.045349397999999
1.0875490100000036
1.0872496769999955
1.0873073879999993
1.0456596769999962
1.0942676769999977
1.0868125870000043
1.086839733000005
1.0874780839999971
1.0873939759999942
1.0874756310000038
1.0867937419999976
1.087326363999999
1.0869258130000006
1.087496587000004
1.086949568999998
1.0871097120000002
1.0872188859999952
1.0451587890000056
1.0454557110000025
1.0940637109999969
1.0454730249999997
1.0454171260000038
1.0454715599999957
1.0872009429999991
1.045130719999996
1.0937387199999975
1.0453474930000013
1.0939554930000028
1.0874431200000032
1.0868937150000022
1.0872662239999968
1.0874281299999993
1.0040946459999986
1.0930546459999988
1.0870096120000028
1.0868678840000001
1.0451052889999985
1.0452769500000016
1.0456753969999966
1.0457352650000047
1.045188580999998
1.045705139000006
1.0454976289999962
1.0870170609999974
1.0873043930000037
1.0873498650000002
1.0457338929999977
1.0946938929999988
1.0870160000000055
1.0456509899999986
1.0874242280000033
1.0869762519999995
1.0869440210000008
1.0868918829999998
1.0874131950000034
1.087289284999997
1.0871151930000025
1.0874465810000018
1.0875394449999973
1.0869943129999982
1.0867762970000001
1.004153946999999
1.0927619469999996
1.0457250219999992
1.0868584430000041
1.0455890019999998
1.003700399000003
1.0923083990000038
1.0874952360000023
1.0456665009999995
1.094274501000001
1.0872331920000065
1.086841536999998
1.0869334630000012
1.087486251999998
1.0873819299999994
1.0456183590000023
1.0942263589999968
1.0451105420000033
1.0456892210000035
1.0034348060000013
1.0456641980000043
1.0041254149999972
1.0927334149999979
1.0457506680000037
1.0943586680000053
1.0870505600000016
1.0870099419999946
1.0872999159999992
1.0870260049999985
1.087240254000001
1.045837007000003
1.0873122120000005
1.0873346970000028
1.0871399009999934
1.0874269540000014
1.0875330239999954
1.0868315690000045
1.0873581899999962
1.0871109680000046
1.087101300999997
1.0871273580000036
1.0867801600000035
1.045835744999998
1.094795744999999
1.0872968210000025
1.045585482
1.0869967690000024
1.0034435090000002
1.0520515089999947
1.1006595089999962
1.0892675090000026
1.0453815100000057
1.09398951
1.0873659660000001
1.0874715910000035
1.0869015109999935
1.0868525260000013
1.0869175330000047
1.087437426000001
1.0455189720000035
1.094126972000005
1.045387538
1.0939955380000015
1.0454978169999976
1.0458948730000017
1.0869171579999986
1.0871335080000009
1.086829109
1.0875113490000032
1.0874804749999996
1.0871664109999983
1.0870747059999957
1.0451408610000001
1.0941008610000011
1.0867812489999977
1.0874350469999996
1.0870140179999979
1.0454278180000003
1.0872956759999965
1.0451090460000003
1.0872599960000002
1.0456061720000065
1.0871351759999968
1.087059889999999
1.0036923349999967
1.0923003349999973
1.0871804300000036
1.0871974000000009
1.004042865999999
1.0526508660000005
1.004159131999998
1.0035330709999997
1.0921410710000004
1.087163750000002
1.0458233390000018
1.0867642340000003
1.0870195629999984
1.0871337410000024
1.0875551149999936
1.0869669109999975
1.087050216999998
1.0871575259999986
1.0039878110000018
1.0525958109999962
1.1012038109999978
1.0451872319999964
1.093795232000005
1.0874247930000038
1.0870528210000003
1.0871843830000003
1.0871207889999965
1.0870645339999996
1.087555559000002
1.0868296279999967
1.0455793920000005
1.094187392000002
1.086928700999998
1.0453271570000027
1.0871903689999982
1.0870160210000037
1.0873006509999996
1.0870025689999991
1.0874157709999963
1.0454383060000012
1.0872291160000032
1.0454884549999974
1.0874160050000015
1.0453190799999987
1.0454795710000013
1.0940875709999958
1.0458967799999996
1.0456052970000016
1.0041574819999965
1.0875397630000023
1.0454838710000018
1.0940918709999963
1.0451140469999984
1.0870342089999951
1.045656362999999
1.0870113319999959
1.0872010960000011
1.0873681210000044
1.086823563000003
1.0457533199999958
1.0943613199999973
1.0456906900000007
1.0942986900000022
1.0454491409999989
1.0453170589999985
1.0868498110000004
1.0873678289999944
1.0873864610000012
1.087222294
1.0872195999999974
1.004109366999998
1.0527173669999996
1.0870515780000005
1.0039600180000008
1.0870716049999984
1.045358271000005
1.0939662709999993
1.0873592490000021
1.087001315000002
1.0870006999999973
1.0870723130000002
1.086928130000004
1.087387237999998
1.0873425220000001
1.0037682179999976
1.0040486059999978
1.0926566059999985
0.9620105950000024
1.0868345700000006
1.0457720240000015
1.0039751070000023
1.003683768000002
1.0871611150000007
1.0451935809999995
1.0868039519999968
1.0453570110000001
1.0871029119999989
1.0458153049999979
1.0944233049999994
1.0870160000000055
1.0455462850000004
1.0871196760000004
1.045760614999999
1.0943686149999934
1.0454899670000017
1.0940979670000033
1.0872770419999966
1.0457272809999978
1.0943352809999993
1.0870722910000055
1.0867892879999985
1.0873806040000034
1.0875580780000007
1.087412527000005
1.0452722550000004
1.045816429999995
1.0944244300000037
1.0458901940000018
1.0874966769999972
1.0873577869999949
1.0870937920000046
1.087003455999998
1.0871022270000026
1.0873468929999959
1.0870434079999995
1.087198475000001
1.0454318849999993
1.0940398850000008
1.087303085000002
1.0453805120000013
1.0457875609999974
1.003984176000003
1.0925921760000037
1.0874961299999981
1.0453571150000016
1.093965114999996
1.0868513380000024
1.0869101420000007
1.045492963000001
1.0941009629999954
1.045170990999999
1.087540091000001
1.0453095669999968
1.0457046929999976
1.0943126930000062
1.087486185000003
1.0457386149999977
1.086909089999999
1.0455324019999992
1.0941404020000007
1.0869019510000015
1.0868338289999997
1.0871414070000043
1.0875372960000007
1.087416722999997
1.0874208150000015
1.0871717710000013
1.0458396550000018
1.0944476550000033
1.0871599009999997
1.0870217069999981
1.086816958
1.087396549999994
1.086953837000003
1.0871912539999968
1.0455469519999951
1.0941549520000038
1.0456119259999994
1.003540889
1.0521488890000015
1.0455953210000004
1.0456056250000003
1.003909127
1.0525171270000016
1.045591164000001
1.0941991640000026
1.0452271499999952
1.045720884000005
1.087099111999997
1.087433854000004
1.0458370170000038
1.0944450169999982
1.0875341799999987
1.0458408090000049
1.0456897389999966
1.0942977389999982
1.0869597240000033
1.0871152469999998
1.0873309340000006
1.0873556250000007
1.0870575689999953
1.0867886409999983
1.0452234520000019
1.0874085829999984
1.086978478000006
1.087035837000002
1.0872761770000068
1.0874280959999965
1.0875504300000003
1.0870083789999967
1.0458500040000018
1.0944580040000034
1.0868606530000022
1.0868977290000004
1.0871831089999944
1.0871951310000014
1.0873915600000004
0.9621827799999991
1.090790779999999
1.087018682
1.0036468499999955
0.9623190920000013
1.0909270920000012
1.0452301850000012
1.0035069950000022
1.087122463
1.0452482020000033
1.004148470000004
1.0527564699999985
1.0455249079999973
1.0458184770000045
1.0873064409999955
1.045144596
1.0937525960000016
1.0040895269999979
1.0926975270000057
1.0870159999999984
1.0451183499999956
1.0873234399999987
1.0451011520000009
1.0874092910000002
1.0871471010000064
2.0
2.0
2.0
2.0
2.0
2.0
2.0
2.0
2.0
2.0
2.0
2.0
2.0
2.0
2.0
2.0
2.0
2.0
2.0
2.0
2.0
2.0
2.0
2.0
2.0
2.0
2.0
2.0
2.0
2.0
2.0
2.0
2.0
2.0
2.0
2.0
2.0
2.0
2.0
2.0
2.0
2.0
2.0
2.0
2.0
2.0
2.0
2.0
2.0
2.0
2.0
2.0
2.0
2.0
2.0
2.0
2.0
2.0
2.0
2.0
2.0
2.0
2.0
2.0
2.0
2.0
2.0
2.0
2.0
2.0
2.0
2.0
2.0
2.0
2.0
2.0
2.0
2.0
2.0
2.0
2.0
2.0
2.0
2.0
2.0
2.0
2.0
2.0
2.0
2.0
2.0
2.0
2.0
2.0
2.0
2.0
2.0
2.0
2.0
2.0
2.0
2.0
2.0
2.0
2.0
2.0
2.0
2.0
2.0
2.0
2.0
2.0
2.0
2.0
2.0
2.0
2.0
2.0
2.0
2.0
2.0
2.0
2.0
2.0
2.0
2.0
2.0
2.0
2.0
2.0
2.0
2.0
2.0
2.0
2.0
2.0
2.0
2.0
2.0
2.0
2.0
2.0
2.0
2.0
2.0
2.0
2.0
2.0
2.0
2.0
2.0
2.0
2.0
2.0
2.0
2.0
2.0
2.0
2.0
2.0
2.0
2.0
2.0
2.0
2.0
2.0
2.0
2.0
2.0
2.0
2.0
2.0
2.0
2.0
2.0
2.0
2.0
2.0
2.0
2.0
2.0
2.0
2.0
2.0
2.0
2.0
2.0
2.0
2.0
2.0
2.0
2.0
2.0
2.0
2.0
2.0
2.0
2.0
2.0
2.0
2.0
2.0
2.0
2.0
2.0
2.0
2.0
2.0
2.0
2.0
2.0
2.0
2.0
2.0
2.0
2.0
2.0
2.0
2.0
2.0
2.0
2.0
2.0
2.0
2.0
2.0
2.0
2.0
2.0
2.0
2.0
2.0
2.0
2.0
2.0
2.0
2.0
2.0
2.0
2.0
2.0
2.0
2.0
2.0
2.0
2.0
2.0
2.0
2.0
2.0
2.0
2.0
2.0
2.0
2.0
2.0
2.0
2.0
2.0
2.0
2.0
2.0
2.0
2.0
2.0
2.0
2.0
2.0
2.0
2.0
2.0
2.0
2.0
2.0
2.0
2.0
2.0
2.0
2.0
2.0
2.0
2.0
2.0
2.0
2.0
2.0
2.0
2.0
2.0
2.0
2.0
