0.295257202
0.33746107999999997
0.336753187
0.37909419999999994
0.378904784
0.378732606
0.378675173
0.647275173
0.42010081299999996
0.420448509
0.42078133400000006
0.7535434030000001
0.422151403
0.462399521
0.46235352
0.46217793000000007
0.864493822
0.46204344399999986
0.5037195509999999
0.5035131959999999
0.5038099260000001
0.9758721659999999
0.5044801659999999
0.5036515059999999
0.503878404
0.503919375
0.503471988
1.092071988
0.545435331
0.5457033949999999
0.545322523
0.5452839420000001
0.545624475
0.545091752
0.5936997519999999
0.5453597290000001
0.586876768
0.5455898690000001
0.587202708
0.5872949009999999
1.0958949009999999
0.586777884
0.545143591
0.5940955910000001
0.587437405
0.587016422
1.086765873
0.595373873
0.6286169559999999
0.587354717
0.5868786699999999
1.086965234
0.635573234
0.628412172
0.6290615289999999
0.678005529
0.5874855069999998
0.6706155480000002
0.6289987539999999
1.087260015
0.675860015
0.6706489019999999
0.670218706
0.670400044
0.6704679410000003
1.0872241880000002
0.6702758259999999
0.6704184630000001
0.6706047090000002
0.6701349989999998
0.7122288880000001
0.7119580830000001
0.6704479999999997
0.7190559999999999
0.7124706920000001
0.712415939
0.712124127
0.760724127
1.0893241269999998
0.677932127
0.7537463280000001
0.7119388450000002
0.712218332
0.7119683499999998
0.7535527709999998
1.08698379
0.71559179
0.7641917899999999
0.71248515
0.753438016
0.7539453190000001
1.0869231140000002
0.7122813480000003
0.7608973480000003
0.7122731300000003
0.7535162950000003
0.7122187580000001
0.7541745080000002
0.7120285060000002
0.7122207299999999
1.086740967
0.712222589
0.760822589
0.7125125190000001
1.0873229180000004
0.7159309179999997
0.7645309179999997
0.7118559289999999
0.7604559289999999
0.7123461710000001
0.7534929910000003
0.7118133040000001
0.753886257
0.7119219220000002
0.7119834090000001
0.7536160330000001
0.7119199310000002
0.7605199310000001
1.0874785559999998
0.7119535259999998
0.7536817789999999
0.71182203
0.7541492490000001
0.7122479309999998
0.7537347159999999
0.7536223259999999
1.0867210160000003
0.7539064389999997
0.712089685
0.760689685
0.7119685020000004
1.087008376
0.7119170210000001
0.7605170210000005
0.711758831
0.7603588310000005
0.7119429900000003
0.7605429899999998
0.7119305570000001
0.753541426
1.0868011799999997
0.7534158279999996
0.7540210160000003
0.753694528
0.7534208439999999
0.7534029389999999
1.0869600000000004
0.7536707019999995
0.802270702
0.7538581410000003
0.795120979
0.7539698150000005
0.7536918380000004
0.7540758460000005
0.7954913900000005
0.7118488380000003
0.7952233210000004
0.754129067
0.753457922
0.7957470939999998
1.0869875430000002
0.7535089290000005
0.7538927619999995
0.7537830269999999
0.7537099510000003
0.7538498580000006
0.7955643749999997
1.0873772209999997
0.7559772210000002
0.7954808499999997
0.7540287399999999
0.7541578590000002
1.0870360860000003
0.755636086
0.8042360859999995
0.7950627030000001
0.753667579
0.7957865379999998
0.7541312749999998
0.7533915170000007
0.753918423
1.0873179510000002
0.7959179509999998
0.7537006890000004
0.7537851099999999
0.7118952429999998
0.7954782690000002
0.7539590980000002
1.0871765719999997
0.7557765719999994
0.7538568589999999
0.7539956950000004
0.7123404549999997
0.7954950629999997
0.7537057909999998
0.7535104060000002
0.7534208319999998
0.7538719480000005
0.7539659219999999
0.7536738989999998
1.0872777730000003
0.7958777730000008
0.7541621989999996
0.7958047230000007
0.75399393
0.7538227719999995
0.7958660929999999
1.0867620899999997
0.7536843390000003
0.7955978009999995
0.7539399850000006
0.7536447260000001
0.7535071360000005
0.7534580069999999
1.0871213290000004
0.7539360720000001
0.8025440719999999
0.7120311780000002
0.795303917
0.7537628940000003
0.7534977930000002
0.7535108729999997
1.0871047129999996
0.7157127130000003
0.764320713
0.7958752900000006
0.7534547140000001
0.7538721630000005
0.7958926530000001
1.0871569340000002
0.7557649340000001
0.8043729339999999
0.7535905709999993
0.7538317499999998
0.8024397500000005
0.7958334269999998
0.7954431769999992
0.7538543019999997
0.7954255319999994
0.7540995780000008
0.8027075780000006
1.0913155779999997
0.7534442410000004
0.7952302859999998
0.7535909599999995
0.7540607440000002
0.7537975430000001
0.7955481190000002
1.087487167
0.7541486309999996
0.8027566309999994
0.7541297700000005
0.7537208039999994
0.7541077270000001
0.7538321679999997
0.8024401680000004
1.0875093810000003
0.7535837039999995
0.7957984400000004
0.712471613
0.795511769
0.7538953580000003
0.7534981830000005
0.7955163299999999
1.087562171
0.7537857570000002
0.795139109
0.7538182849999995
0.7958880170000002
0.7536178009999999
0.7955116520000001
1.0870160000000002
0.7539779379999993
0.7956495329999997
0.7539282470000002
0.7952980429999998
0.7534614529999999
0.7958048979999992
0.7537051080000001
0.753684464
0.7534969970000001
1.087447288
0.7560552880000007
0.7952708780000002
0.7534812710000001
0.795161835
0.7538966700000005
0.7958490450000006
0.7951520240000001
1.0870160000000002
0.7556239999999992
0.7956063339999995
0.7958596369999995
0.7958824770000001
0.7536461349999994
0.8022541350000001
0.75345117
0.7954375669999996
1.0874656530000006
0.7536541879999996
0.7957004210000012
0.7542063879999992
0.7958875550000002
0.7536215980000005
0.8022295980000012
1.0908375979999994
0.7594455980000001
0.7536523840000005
0.7951869920000005
0.7537947669999996
0.7957190010000001
0.7539683110000004
0.7957853319999995
1.0871988230000005
0.7541831670000008
0.7953167830000005
0.795685583
0.7952184359999999
0.7539706270000011
0.7535581709999999
0.8021661710000014
0.7535687630000005
1.0872395149999994
0.7958475150000002
0.7535219180000006
0.795398531
0.7539473319999992
0.7952652499999999
0.7537504199999994
0.8023584200000009
1.0871825029999993
0.7540539100000014
0.8026619099999994
0.7537406409999985
0.7539315720000008
0.8025395719999988
0.7537346950000003
0.7535256629999996
0.7535563630000013
0.7958199570000009
1.0871954840000004
0.7534443620000015
0.8020523619999995
0.7540482550000007
0.7952940749999993
0.7541968619999988
1.0867693369999998
0.7553773370000005
0.795882323999999
0.7954820320000007
0.7535451520000009
0.7956222850000003
0.7540617259999998
0.7536832489999998
1.087162138
0.7557701380000008
0.7538511650000004
0.7958196439999998
0.7540395860000011
0.8026475860000009
0.7534804859999991
0.7538628290000009
0.7953061340000005
0.7534701940000001
1.087276203
0.795884203
0.7534913670000005
0.8020993670000003
0.795440889
0.795629829000001
1.087117794000001
0.755725794
0.7955665849999995
0.7954787949999993
0.753819
0.7955802799999994
0.7538039909999998
0.8024119909999996
0.7535684080000014
0.7535289429999992
0.7951311739999998
0.7536828940000007
1.087547322999999
0.7539354760000005
0.8025434760000003
0.7539901110000002
0.7540823119999995
0.7535559740000011
0.7536361070000002
1.0872131419999995
0.7958211420000012
0.7958315599999999
0.7954366630000003
0.7955115739999989
0.7541297900000004
1.0874933349999996
0.7961013349999995
0.7951012209999995
0.7542279900000004
0.7958571570000004
0.7956337169999994
0.7541586420000002
0.7955639080000001
0.7537552749999996
0.7535801890000009
0.7537469759999986
1.0871303880000003
0.7540293309999999
0.7956209919999999
0.7957869670000015
0.7957587329999996
0.7957298379999997
0.7535442929999991
1.0875071470000002
0.7541479120000005
0.7954758819999999
0.7535686599999991
0.8021766599999989
0.7538581709999992
0.8024661710000007
0.7541086360000016
0.7958716639999999
0.7958641669999995
1.0875519100000002
0.7954859049999996
0.7953416910000008
0.753473005
0.754056448
0.795345579000001
0.7534703280000006
0.7542152959999999
1.0875077430000015
0.7539369029999996
0.7956662609999992
0.7540864249999988
0.7951908690000007
0.7540478610000001
0.7953262470000002
1.0874299569999994
0.795551756
0.795215880999999
0.7537175950000012
0.7955759279999999
0.7540228879999997
0.754096144
0.7538413229999996
1.0874766040000008
0.7960846039999989
0.7540232609999986
0.7951008040000005
0.7538616410000003
0.8024696410000001
0.7956642589999987
0.7535861639999997
1.086870458
0.7554784579999989
0.8040864580000004
0.7536285030000016
0.8022365029999996
0.7535202139999999
0.7958223069999999
0.7540891419999998
0.795806936
0.7540528730000009
0.7958410679999997
1.0869963699999996
0.754030160000001
0.7958493440000005
0.7536845830000001
0.7956665389999991
0.795267002000001
0.7539715109999996
0.7537067929999992
0.802314792999999
1.0909227930000007
0.7537304969999994
0.8023384969999992
0.7538813440000016
0.7538404589999992
1.0868151210000008
0.7954231210000007
0.7951024110000002
0.7540900169999993
0.7951380999999991
0.7538692409999985
0.7534455139999992
1.0868040210000007
0.7554120210000015
0.7958115079999999
0.7540698139999993
0.802677813999999
0.7538808469999996
0.8024888470000011
0.754081029
0.7956460829999994
1.0870160000000002
0.755624000000001
0.804231999999999
0.7952907410000005
0.795519410999999
0.7538779900000012
0.8024859899999992
0.7956890789999989
0.795716711999999
0.7534985389999989
0.7540251560000009
0.8026331560000006
1.0912411559999988
0.7954650359999995
0.7954074099999993
0.7538907930000001
0.7537458199999989
0.7537501430000013
0.7539832669999988
0.8025912670000004
1.0869521679999998
0.7957809549999997
0.7538974420000013
0.7539776729999996
0.795683296
0.754008516999999
0.7954032560000002
1.0869682810000008
0.753485340000001
0.802093339999999
0.7955255459999986
0.7536612529999989
0.8022692530000004
0.7542151759999989
1.0870983229999993
0.7951450409999996
0.7538624990000002
0.802470499
0.7538522099999998
0.8024602099999996
0.7537116089999998
0.8023196089999995
1.087355101
0.7559631010000007
0.7955118219999999
0.7540494370000008
0.7956883520000009
0.7541658209999991
0.7534944840000009
0.795203506
0.795351964
0.7541781060000012
0.7537562149999992
1.0874713259999993
0.7960793259999992
0.7540621380000001
0.8026701379999999
0.7954085850000006
0.7956304809999999
0.7957834779999988
0.753742441
0.8023504409999997
1.0874227730000001
0.7537394240000008
0.8023474239999988
0.7542028829999996
0.7954568150000014
1.0870999609999998
0.7557079610000006
0.7958379230000006
0.7539912570000009
0.7954910919999989
0.7536057459999999
0.8022137460000014
1.0870882490000007
0.7556962490000014
0.754224515999999
0.7955630539999987
0.75400256
0.7954137770000003
0.7540017409999997
0.7951549999999994
0.7537906949999993
0.8023986950000008
1.087438702
0.7960467019999999
0.7956358410000011
0.7957933229999998
0.7534804269999995
0.7956850200000005
0.7542198920000001
0.8028278919999998
0.7542162720000007
1.0871946670000003
0.7958507180000005
0.7537757529999993
0.8023837530000009
0.7536334
0.7952288250000006
0.7539559170000008
0.795641354999999
0.7538306190000004
0.8024386190000001
1.0872378309999995
0.7558458310000002
0.7534963399999999
0.7953289039999998
1.0870261429999992
0.755634143
0.8042421429999997
0.7536205859999985
0.795734899000001
0.7954164210000005
0.795365566000001
1.087414282000001
0.7960222819999991
0.7541641989999999
0.8027721989999979
0.7534428009999985
0.8020508010000018
0.7536349089999987
0.7958806259999989
0.7955832990000005
0.7535882940000018
0.7535624599999977
0.7955689040000014
1.0874431169999994
0.7560511170000019
0.7955171040000018
0.7540531700000006
0.7953606179999984
0.7540164929999982
0.8026244930000015
0.7538416269999999
1.0875365179999985
0.756144518000001
0.8047525180000008
0.7534871489999979
0.8020951490000012
0.7954878779999994
0.7536770680000018
0.7953890600000015
0.7958069660000007
1.0875525360000022
0.7561605359999994
0.7542150750000012
0.7956860829999997
0.7537945219999997
0.7954722919999995
1.087218161000001
0.7558261609999981
0.7958938759999974
0.753913175000001
0.7956654309999998
0.7954281019999989
1.0873239600000026
0.7959319600000008
0.7952514120000025
0.7537761629999977
0.7536014030000011
0.7541565140000017
0.7541620810000005
0.7952653329999997
0.7958117160000029
0.7537335379999988
0.8023415380000003
0.7957753889999992
0.7541876990000027
0.8027956990000007
1.0914036989999971
0.7540061169999994
0.7958318709999972
0.7953460929999991
0.7539157500000009
0.7540530310000015
1.0875178260000027
0.7961258260000008
0.7953711659999989
0.795890460999999
0.7542203369999996
0.8028283370000011
0.7538364530000017
0.7956529070000009
0.7955695120000001
1.0869449389999986
0.7955529390000002
0.7540569250000004
0.7539795710000021
0.7542276610000016
0.7957743420000014
0.7534756750000007
0.7955720849999999
1.087401688
0.7560096879999989
0.795486468
0.7958961680000023
1.0868503429999983
0.795458343
0.7538863559999989
0.7957742239999988
0.7540420949999991
0.7957463709999999
0.7535284640000022
0.7953284730000014
0.7535371829999988
0.8021451830000004
0.7540453980000024
0.7536207220000009
0.7534427199999989
1.087456006
0.7960640060000017
0.7535199810000002
0.795125076999998
0.7539921599999992
0.8026001600000008
1.0875563669999977
0.7561643670000002
0.7957513039999995
0.7538335419999989
0.7954850849999993
0.7957393840000009
0.7951749600000007
0.7957843930000017
0.7954104879999981
1.087197530000001
0.75580553
0.8044135299999979
0.753993451000003
0.7954561010000027
0.7536702939999991
0.7536384719999987
0.7539014339999994
1.0871487460000004
0.7957567459999986
0.7954029360000021
0.753817656999999
0.7538427859999999
0.8024507860000014
1.0910587859999978
0.7539424300000022
0.8025504300000001
0.7536240310000011
0.7540354560000004
0.795698411
0.7958583249999975
0.7540456290000002
0.8426536289999973
0.7541809890000017
0.7953006950000017
1.086945311000001
0.7555533109999999
0.7953151709999986
0.7537261310000005
0.8023341309999985
0.754192892999999
0.8028008930000006
1.0871265709999989
0.7557345709999979
0.8043425709999994
0.7538118179999991
0.7954183270000001
0.7541860310000033
0.8027940310000012
0.7534650690000007
0.8020730689999986
0.7538771880000006
0.8024851879999986
1.087412222000001
0.7560202220000001
0.7539372559999968
0.7952556179999988
0.7957939520000004
0.7541900290000001
1.0872928000000002
0.7959008000000019
0.7539803660000004
0.8025883660000019
0.7539032399999996
0.7954192659999997
1.0874935440000009
0.7958503939999986
0.7541210770000006
0.7540379899999969
0.7958958070000008
0.7541616140000009
0.8027696139999989
0.7539799800000004
0.802587980000002
0.7535183719999985
0.7538997619999996
0.7541901600000003
0.7952277979999991
1.087036255000001
0.7535164959999996
0.8021244960000011
0.7953993810000028
0.7536622589999986
0.8022702590000002
1.087016000000002
0.7957761519999984
0.7541688480000026
0.8027768480000006
0.7536802280000003
0.8022882280000019
0.7540959240000014
0.8027039239999993
0.7537684970000029
0.8023764970000009
1.0909844969999973
0.7540213199999997
0.7958496539999977
0.7536589069999984
0.7541814620000018
0.7538447830000017
0.7954953099999997
1.086771645999999
0.755379645999998
0.7539928839999988
0.7538617219999999
0.8024697219999979
1.0870823979999997
0.7556903980000023
0.7952385610000015
0.7951980540000001
0.7955265409999974
0.7957446829999988
0.754092172
0.8027001720000015
0.753709790000002
0.7539709899999991
0.7537968180000014
0.7540080929999995
0.7956698760000016
1.0873255210000004
0.7559335209999993
0.7954711310000029
0.7534520299999983
0.8020600299999998
0.7535229560000012
0.754204351000002
0.754113610000001
0.8027216100000025
1.091329609999999
0.7537115859999979
0.8023195859999994
0.7538499079999994
0.7540368880000017
0.7536361249999999
0.7954317750000008
1.0870030550000003
0.7955730029999977
0.7955101049999982
0.7118059789999975
0.7604139790000026
0.7540070570000026
1.0874884789999975
0.756096479
0.7536098259999982
0.7535319380000018
0.7534441869999995
0.802052187000001
1.0870012769999988
0.7556092769999978
0.7955411410000011
0.7956833959999976
0.7534718859999998
0.7540388319999991
0.7537109410000014
0.7958924590000009
0.7540601959999975
0.7534878250000006
0.7951847490000006
0.7542010250000004
0.7122916919999973
0.7951596179999996
0.7536819450000003
1.0869852340000001
0.795578858999999
0.7956830530000012
0.7540018570000022
0.8026098570000002
0.7536920559999984
0.7540006539999986
0.7953730889999981
1.0873672130000003
0.7951351130000006
0.7538468020000018
0.7536476060000012
0.7539480730000001
0.7953185519999977
1.087097914000001
0.7536154950000018
0.7957623590000011
0.7534471880000027
0.7536567139999981
0.7951835939999974
0.7540553539999983
1.0870817350000017
0.7556897350000007
0.795178718999999
0.7538848830000013
0.7535994680000009
0.7539941470000002
1.0870159999999984
0.755624000000001
0.7953547629999989
0.7957230979999999
0.7537379569999985
0.7537497020000004
0.8023577020000019
0.7536009409999984
0.7952734919999997
0.7538682150000007
0.7951875590000022
0.7540908799999997
0.7541944319999985
0.7955726609999978
1.0875491219999986
0.7536156510000005
0.8022236509999985
0.754224421
0.7534806769999989
0.7952200599999983
0.7952759159999978
0.7535669370000022
0.795236581000001
1.0872100310000015
0.7536483230000002
0.8022563230000017
0.7535416179999999
0.7538171250000012
1.0874562670000003
0.7960642669999984
0.7541062470000028
0.7539308619999971
0.7956229519999987
0.754091368000001
0.7534381530000012
0.7952133910000008
1.0875279350000007
0.7537228829999982
0.8023308829999998
0.7537006290000008
0.7541844309999988
0.8027924310000003
1.087438430999999
0.7535608430000025
0.795721125
0.7540182239999993
0.753728026000001
0.802336025999999
0.7538309450000007
0.7538747530000016
0.8024827529999996
0.7540095279999974
0.7951198849999983
0.7535894889999994
0.753953935000002
0.7952808239999989
1.087169092
0.7535720859999984
0.8021800859999999
0.754193604000001
0.7952662060000009
0.7951143330000008
0.7955858900000017
0.7540352810000002
0.8026432810000017
1.0912512809999981
0.7198592810000015
0.7957738879999994
0.7535274970000003
1.087140479000002
0.7537580679999998
0.795151649000001
0.7541087739999988
0.7538623539999989
0.7118521010000016
0.8004601009999988
0.7955629980000012
1.0874417009999995
0.7560497009999985
0.7538950460000002
0.7537797990000001
0.8023877989999981
0.7536739069999996
0.7955580910000002
1.0870159999999984
0.7540502469999986
0.795205799999998
0.7540624009999988
0.7952933930000015
0.7958185059999998
0.795870487000002
0.7535207120000003
0.7952563299999973
0.7541897800000008
0.8027977799999988
0.7538828340000023
0.7957651880000007
0.7541559599999985
1.0871907309999997
0.7557987309999987
0.712016693999999
0.7957873169999985
0.7540062600000006
0.7956654240000027
0.7958076040000002
0.7953046139999991
1.0874115539999991
0.7560195540000016
0.7535669939999998
0.7538694180000007
1.0873996680000033
0.7960076680000014
0.7537633849999992
0.7955827929999977
0.7535829659999997
0.7956912590000016
0.7538563279999977
0.8024643280000028
1.0910723279999992
0.7536605630000004
0.7954456919999977
0.7539380219999998
0.8025460220000014
0.7538196349999993
0.7954172750000019
0.753709722
1.0874459919999993
0.7960539919999974
0.7535453899999993
0.8021533900000009
0.7539867419999986
0.8025947420000001
0.7951020399999997
0.7955321429999991
0.7540034650000003
0.7954290009999987
0.7539696150000026
0.795442413
1.0870208229999996
0.7556288229999986
0.8042368230000001
0.7537914020000009
0.7958555370000013
0.7953085659999992
0.9756594419999978
0.8042674420000004
0.795251995000001
0.7535795860000007
0.7541425570000015
0.7956776560000023
0.7536098039999999
0.8022178039999979
1.0908258039999978
0.7541294239999985
0.795516579000001
0.7536084790000004
0.8022164790000019
0.7534555949999984
0.7542118979999977
1.0871275320000002
0.7536377099999996
0.795389869000001
0.753727909000002
0.802335909
0.7540725189999975
0.7534996409999977
0.7536175990000018
0.7951673739999983
1.0875381540000006
0.7539370509999976
0.7951739270000004
0.7955805309999988
0.795852441000001
0.795561922000001
0.7537354510000007
0.7536532610000002
0.8022612610000017
0.753884370999998
0.8024923709999996
1.087371921999999
0.7559799220000016
0.8045879219999996
0.7535887200000033
0.7534916749999994
0.7958286099999974
0.7958234920000002
1.087016000000002
0.755624000000001
0.804231999999999
0.7538322899999983
0.7951137270000004
0.753984367000001
0.7952554630000002
1.087205763
0.7542306490000001
0.8028386490000017
0.7536175819999968
0.8022255820000019
1.086873089000001
0.7955279289999986
0.7117646079999993
0.800372608
0.7957906329999993
0.7537885549999999
0.8023965550000014
0.7535976160000004
0.7952550599999988
0.7537869870000016
0.8023949869999996
1.0875329060000034
0.795794155000003
0.7537692509999978
0.8023772509999993
0.7539239570000014
0.8025319569999994
0.7538302600000009
0.7538654230000006
0.795516782
0.7538012009999981
0.7954865949999999
0.7539593310000008
0.8025673309999988
1.0870803769999995
0.7536355169999993
0.7541204189999995
0.7956259800000005
0.7951248580000012
1.0870441730000024
0.795812895000001
0.7538887869999975
0.7541348249999977
0.7540395279999998
0.7541354330000019
1.0875548859999995
0.7961628860000012
0.7541603070000029
0.7952640829999993
0.7951690490000018
0.7953832950000006
0.754199203999999
1.0874226580000013
0.754051865000001
0.7954431329999991
0.7537377879999987
0.7537691550000005
0.7957920289999976
0.753605536000002
0.7958040480000008
0.7537721379999986
0.8023801380000002
1.0909881380000002
0.7956614649999985
0.7954018050000009
0.7956523510000011
0.7951304690000001
0.795294805000001
0.795542102999999
0.7956591149999994
0.75390801
0.7541137840000012
0.8027217839999992
0.7953049199999995
0.7538856979999977
0.7535430189999985
1.087556622000001
0.7538153389999991
0.7955502880000012
0.7952814010000004
0.7117921759999994
0.8004001760000001
1.0869889969999988
0.795596996999997
0.7539224980000014
0.7541535390000007
0.8027615389999987
1.0913695390000022
0.753797107999997
0.7951036530000017
0.7951950749999988
1.0872463769999996
0.7558543770000021
0.8044623770000001
0.7541312009999999
0.8027392010000014
0.7537085300000008
0.7955142239999979
0.7534923259999999
0.8021003260000015
0.753470312000001
0.7538197539999985
0.7954203359999994
1.087504255999999
0.7536367870000014
0.8022447869999993
0.7956700070000018
0.7541156929999993
0.7539108149999976
0.8025188150000027
0.7953431569999978
0.7535471240000007
0.7952358590000017
0.795319033000002
0.7952640350000024
0.7541120929999998
0.7535202410000004
1.086767194
0.7957119430000006
0.795345202
0.7952846490000027
0.7535864480000001
1.0868330949999994
0.7542302599999999
0.7951465219999996
0.7538967460000023
0.7119423219999987
0.8005503219999994
1.0891583219999994
0.7953747900000003
0.7539584049999988
0.7535234929999994
0.802131493000001
0.7534647570000033
1.0873188659999968
0.7159268660000002
0.7957807779999975
0.7534679510000011
0.753975263000001
0.7539241000000025
0.7956478600000025
0.7540502879999984
0.7958877539999989
0.7535375450000004
1.0872413250000008
0.7958493249999989
0.7951386550000024
0.7958959950000022
0.7958125010000003
0.7539604440000005
0.7951855690000009
0.7120903969999972
0.8007223970000013
0.7537554069999999
0.8423634070000041
0.7537149029999988
0.7539923590000015
0.802600359000003
0.7539677010000041
1.0874867479999963
0.7960947480000016
0.7536450260000009
0.7951761270000013
0.7535284710000028
0.8021364709999972
1.0907444710000007
0.7535808359999976
0.8021888360000027
0.7536580780000008
0.7957397339999979
1.087554819000001
0.7540634880000034
0.8026714879999979
0.7955728950000029
0.7958370330000015
1.0873753840000013
0.7559833839999968
0.7540855339999979
0.712350457999996
0.8009584580000002
0.7538153110000003
0.8024233109999983
0.7536123840000002
0.7534686769999972
0.7539387819999988
1.086811032
0.7957666209999985
0.7535841910000016
0.8021921909999961
0.7951881610000058
0.7954509030000025
0.7957251959999994
0.7951694610000004
0.795891343000001
0.795780845000003
0.7952042279999958
0.7535706919999967
0.7537117299999991
0.7954577300000025
0.7956851409999999
0.7951979990000027
1.0874792160000055
0.712318947
0.8009269470000007
0.7956735599999973
1.0870159999999984
0.7556240000000045
0.7538404810000046
0.7953477829999969
0.7541649620000044
0.7534435749999986
0.7535466790000029
1.087546426000003
0.796154425999994
0.7540547940000053
0.8026627939999997
1.0873988399999988
0.7534479380000008
0.7955110019999978
0.7541456220000029
0.7541631539999969
0.8027711539999984
0.7534700320000027
0.7123730389999992
0.8009810389999998
0.7958238309999999
1.0868149179999946
0.7554229180000007
0.7951307249999999
0.7958223980000056
0.7541621579999997
0.8027701580000013
0.7951684149999991
0.7539534060000008
0.7954884530000044
0.7535980139999978
0.7540837809999985
0.7953750199999945
0.754118167999998
0.7955151299999983
0.7956607429999991
0.7541126280000015
1.0870544550000005
0.7539763750000006
0.8025843750000021
0.7539342160000047
1.0874699210000003
0.7560779209999993
0.7118265299999962
0.800434530000004
0.795515838
0.7539261340000039
0.7535919890000002
1.0871947050000017
0.7558027050000007
0.795199229000005
0.7122193559999985
1.0872456239999977
0.7951221059999938
0.7541020940000038
0.7537387130000042
0.7540095860000022
0.7121249309999982
0.8007329309999989
0.7954764609999998
0.7537323249999943
0.7539349450000046
0.802542944999999
1.0911509450000025
0.7535448300000027
0.7956766779999995
0.7952194080000012
0.7955641789999959
0.7957749059999983
0.7954461399999957
0.7956543280000048
0.753691210999996
0.8369984039999991
0.7540881619999951
0.7954270290000025
0.7538228920000023
0.7957763830000033
0.7539247870000025
0.7951377059999984
1.0873167799999948
0.7539495600000024
0.8025575600000039
0.7124221620000029
1.0870159999999984
0.7956239999999966
0.7534576069999943
0.7538067600000034
0.7538367350000001
0.7955344139999951
1.0871169620000032
0.7958103579999971
0.7538479689999988
0.8024559690000004
1.087538926999997
0.7561469270000032
0.753970043999999
0.8025780440000005
0.7952822630000043
0.7957801869999983
0.7539644030000048
0.8025724029999992
0.7539572280000044
0.7955371819999968
1.0874551169999975
0.7560631170000036
0.804671116999998
0.7539164129999989
0.7951535899999982
0.7956767769999971
0.7951360419999958
0.7535732690000003
0.8021812690000019
0.7540372180000006
0.7951109679999959
0.7538745850000055
0.7957588290000004
0.7955620469999971
0.7951173450000013
0.7951991280000001
1.0872124820000053
0.7958303690000008
0.7537810050000004
0.802389005000002
0.7956559510000005
0.7952882359999975
0.7541742140000025
0.795187048999999
1.0874524360000066
0.7560604359999985
0.804668436
0.7539442719999983
1.087058503999998
0.7956665039999962
1.0868045340000023
0.7554125340000013
0.7538446650000026
0.7542219480000014
0.7952620239999959
0.7540438389999977
0.8026518389999993
0.7534439249999991
0.7951273230000027
0.7541864419999982
0.7534742919999999
0.7540479379999994
1.086872434
0.7957171429999974
0.7955848759999995
0.7953818569999953
0.7956030409999997
0.7956048870000032
0.7950975449999973
0.7955379239999942
0.753640500000003
0.8022485000000046
0.7958882619999983
0.7952828030000063
0.7954740690000008
0.7535596839999954
0.7538931839999989
0.7955478249999999
1.087150317999999
0.753542502000002
0.795668285000005
0.7541663089999986
0.7956754289999992
0.754202204000002
0.8028102040000036
0.7535637729999962
0.9821717730000046
1.0907797729999942
0.7993877729999994
0.7539352569999949
0.7958821300000025
0.7537525279999997
0.8023605280000012
1.0909685279999977
0.7535197969999956
0.7957616079999994
0.7534582360000002
0.7122394490000019
0.7954691620000034
0.7534584469999999
0.753556967999998
0.7951097520000019
0.7536442809999997
1.0869407309999986
0.7537184379999999
0.7540450169999957
0.8026530169999972
0.7951813260000051
0.7955141209999965
0.7536537549999949
0.7956438430000006
0.7537481290000017
0.8023561290000032
0.753613700999999
0.7954322570000016
0.7953504379999998
0.7955353739999964
0.7950992529999965
0.7956684809999999
1.0870159999999984
0.7556239999999974
0.804232000000006
0.7534590369999989
0.7540428200000022
0.7534637720000035
0.9820717720000047
0.7119479810000016
0.7951532729999968
0.753939220999996
0.7535143870000027
0.7120853349999976
1.0869033680000015
0.795708187999999
0.7536304139999999
1.0875118789999974
0.7535183520000004
0.7951959589999973
0.7539460810000023
0.8025540810000038
0.7537591930000005
0.7534609169999982
0.7541641319999997
0.7958358359999949
1.0869603999999953
0.7555684000000014
0.795445045000001
0.7952138330000054
0.7956981490000032
0.7537017379999966
0.8023097379999982
0.7957000689999987
0.7537399120000003
0.8023479120000019
0.7537850809999966
0.7955278259999972
0.712151519999999
0.7953399789999978
0.7538242220000058
0.7955239610000007
0.7951934070000064
0.7955746089999991
0.754205276999997
1.0872466140000014
0.7534362210000012
0.7951201089999955
0.7534929619999957
1.0871016159999982
0.7557096159999972
0.7538214890000035
0.8024294889999979
0.9762759169999953
0.7537549540000015
0.8023629539999959
0.7957818100000011
1.0874709289999984
0.7960789289999965
0.7538714539999987
0.7539159600000005
0.7540750309999993
0.7537186950000034
0.8023266949999979
0.7537529650000039
0.7954243119999944
0.7540279400000003
1.0872234710000015
0.7558314710000005
0.7535655559999981
0.7957740460000053
0.7952974510000033
0.7953615659999969
0.7540574120000016
0.7956257780000016
0.7954576400000022
0.7538804399999961
0.7536109969999956
0.7539272150000045
0.8025352149999989
0.7542097299999995
0.7953399590000032
0.7957307819999997
0.7954131619999956
0.795550562999999
0.7536309720000034
1.0869697200000061
0.755577719999998
0.9841857199999993
0.7541162650000004
0.7956958559999947
0.7539410480000015
0.7953278260000047
0.7539881379999969
0.7952709600000034
1.0875577590000063
0.7539456099999953
0.8025536100000039
1.0869217360000007
0.7555297359999997
0.7958067249999985
0.7541457279999975
0.753604291000002
0.753972473999994
0.7118279530000038
0.8004359529999974
0.7536222469999956
0.8022302469999971
1.0875349000000014
0.7561428999999933
0.7950984989999981
0.7957614620000015
0.795371289000002
0.7955602429999971
0.7536983810000066
0.7957405259999959
0.7953936919999975
0.7958182779999987
0.7537377390000017
0.8023457390000033
0.7536755910000039
0.7953499500000021
0.7541936649999954
0.7956348989999995
0.9758119099999973
0.7542263440000028
0.7953923699999947
0.754135735999995
0.7124890420000014
0.8010970420000021
1.0872180940000007
0.7535093599999954
0.8021173599999969
0.7538975160000021
0.7954268060000018
0.7538000929999953
0.8024080930000039
1.087182550999998
0.7957557630000025
0.7540203759999997
1.087153450999999
0.7539532249999965
0.7536832859999976
0.8022912860000062
0.7537861280000016
0.7954630839999979
0.7539554390000021
0.7956463109999987
0.7536337390000014
0.802241739000003
1.087377789999998
0.755985790000004
0.7951814319999997
0.753751709999996
0.7954263570000037
0.7541782419999947
0.7955160200000009
0.7540467469999967
0.7537676930000003
0.795511697000002
0.7534629330000016
0.7954167660000024
0.7538287929999967
0.7956484360000005
1.0872196890000012
0.7558276890000002
0.8044356890000017
0.753507048000003
0.7539515419999958
0.8025595419999974
0.7535429540000038
1.0873900610000007
0.7959980609999988
0.7535953580000054
0.7958708279999982
0.7539531390000036
0.802561138999998
1.086981951999995
0.7541562110000015
0.802764210999996
1.087495165
0.7539582990000042
0.7958708959999967
0.753733253
0.7954785669999964
0.7534793430000022
0.7536808280000002
0.7958972539999962
0.7538449509999978
0.7957620899999966
1.0875081539999982
0.7561161539999972
0.8047241539999987
0.7541643839999992
0.7540501200000023
0.7537625100000014
0.7538905380000003
0.8024985379999947
0.753543024999999
0.8021510250000006
0.7540638999999985
0.8026719
0.754110089000001
0.7954325269999956
0.7537778370000012
0.8023858369999957
1.0870059200000028
0.7537219899999954
0.802329990000004
0.7537935769999962
0.7953520780000005
0.7540666450000018
0.7540961629999998
0.8027041630000014
1.0913121630000049
0.7951649649999979
0.7957332309999998
1.0872638849999987
0.7558718849999977
0.8044798849999992
0.7536808490000055
1.087153348000001
0.755761348
0.7536145660000031
0.7540957920000011
0.7956196320000046
0.7539464100000046
0.7541341579999994
0.7536890040000017
0.7954223309999975
0.7534919169999981
0.795113182999998
0.7540797489999989
1.0874668450000016
0.7960748449999997
0.7538864769999947
0.8024944770000033
0.7536827309999978
0.7951936620000026
0.7539163430000002
0.8025243430000017
0.7539980550000038
0.7534792539999984
0.7953370879999966
0.7541447509999983
0.8027527509999999
0.7541422970000013
1.087468893999997
0.7539930310000003
0.7951270749999964
0.7536162359999992
0.8022242360000007
0.7537763790000014
0.7534813619999952
0.7955522190000011
0.7534921219999973
1.086839733000005
0.7554477329999969
0.7954557110000025
1.0873939760000013
0.7538048940000053
0.8024128939999997
1.0869258130000006
0.7555338129999996
0.8041418130000011
0.7536808260000001
0.7951307200000031
0.7118937150000022
0.795776453000002
0.7539328899999944
0.7540460589999967
0.7957614629999981
0.7536762789999969
0.7535345510000013
0.7540946459999986
1.0871092649999952
0.7557172650000012
0.7951052889999985
0.7535219140000038
0.7957352649999976
0.7540384720000048
0.753683726999995
0.7954976290000033
0.7956377260000025
0.7540534399999999
0.795683197999999
0.7540908949999974
0.802698895000006
1.0873420639999978
0.7559500640000039
0.8045580639999983
0.7539559520000054
0.7957465280000022
0.7541132479999959
0.7954485260000013
0.9840565259999963
0.7536609790000028
0.7958727779999961
0.7534429630000048
0.7539083349999984
0.754058354999998
0.7951917760000029
1.0869762519999995
0.7539223349999986
0.8025303350000002
1.0911383349999966
0.7538086109999966
0.8024166109999982
0.7537003990000031
0.753899858000004
0.7119574629999974
0.8005654629999981
0.7541529190000062
0.8027609190000007
0.7541859950000003
0.7957152629999982
1.086962327000002
0.7534438750000021
0.8020518750000036
0.7539975320000067
0.7954785869999981
0.7539919410000024
0.7951014729999955
0.7540840010000025
0.7957920819999984
0.7539665819999968
0.7953432750000005
0.7539069210000022
0.7953593379999973
0.7540013630000004
0.8026093629999949
1.0912173629999984
0.7541996900000001
0.8028076900000016
0.7534982359999987
0.7121109679999975
0.795691522999995
1.0870505600000016
0.7556585600000005
0.7534468260000011
0.7954606910000024
0.7539634880000037
1.0875036730000005
0.7961116729999986
1.0871399010000005
0.7557479009999994
0.804355901000001
0.7536766439999951
0.7955567710000011
0.7534713579999988
0.7953773700000042
0.7537148430000045
0.8023228429999989
0.7541382579999976
0.7956992989999989
0.7535191929999954
0.7952348439999994
1.0869967690000024
0.7541040930000023
0.8027120930000038
0.7538523059999989
0.8024603060000004
0.7537208709999987
0.754228206999997
0.8028362069999986
0.7538001739999984
0.795250492000001
0.7541780150000008
0.753833077000003
0.7958138089999949
0.7954080399999981
0.753474194000006
1.0873937870000034
0.7536806849999991
0.7957683799999984
0.7537611509999991
0.795629009999999
0.7534423800000027
1.086829109
0.795593328999999
0.7539395049999982
0.8025475049999997
0.7536038090000048
1.0874966350000008
0.796104634999999
1.0867812489999977
0.7553892490000038
0.7955137629999953
0.7540006300000002
0.7537374939999992
0.7540428659999989
0.7541591319999981
0.7954970830000008
0.7534309009999944
0.7951997369999972
0.7536862289999959
0.7958233390000018
0.7538004079999965
1.0870256680000026
0.7556336680000015
0.8042416680000031
0.7539442839999992
0.8025522840000008
0.7538414420000024
0.7953161850000043
0.795654478000003
0.7951872319999964
0.7957581269999991
0.7953861539999991
0.7537312010000008
0.795454122999999
0.7958888920000007
0.7951629620000062
1.0871575259999986
1.0999064379999979
2.0
2.0
2.0
2.0
2.0
2.0
2.0
2.0
2.0
2.0
2.0
2.0
2.0
2.0
2.0
2.0
2.0
2.0
2.0
2.0
2.0
2.0
2.0
2.0
2.0
2.0
2.0
2.0
2.0
2.0
2.0
2.0
2.0
2.0
2.0
2.0
2.0
2.0
2.0
2.0
2.0
2.0
2.0
2.0
2.0
2.0
2.0
2.0
2.0
2.0
2.0
2.0
2.0
2.0
2.0
2.0
2.0
2.0
2.0
2.0
2.0
2.0
2.0
2.0
2.0
2.0
2.0
2.0
2.0
2.0
2.0
2.0
2.0
2.0
2.0
2.0
2.0
2.0
2.0
2.0
2.0
2.0
2.0
2.0
2.0
2.0
2.0
2.0
2.0
2.0
2.0
2.0
2.0
2.0
2.0
2.0
2.0
2.0
2.0
2.0
2.0
2.0
2.0
2.0
2.0
2.0
2.0
2.0
2.0
2.0
2.0
2.0
2.0
2.0
2.0
2.0
2.0
2.0
2.0
2.0
2.0
2.0
2.0
2.0
2.0
2.0
2.0
2.0
2.0
2.0
2.0
2.0
2.0
2.0
2.0
2.0
2.0
2.0
2.0
2.0
2.0
2.0
2.0
2.0
2.0
2.0
2.0
2.0
2.0
2.0
2.0
2.0
2.0
2.0
2.0
2.0
2.0
2.0
2.0
2.0
2.0
2.0
2.0
2.0
2.0
2.0
2.0
2.0
2.0
2.0
2.0
2.0
2.0
2.0
2.0
2.0
2.0
2.0
2.0
2.0
2.0
2.0
2.0
2.0
2.0
2.0
2.0
2.0
2.0
2.0
2.0
2.0
2.0
2.0
2.0
2.0
2.0
2.0
2.0
2.0
2.0
2.0
2.0
2.0
2.0
2.0
2.0
2.0
2.0
2.0
2.0
2.0
2.0
2.0
2.0
2.0
2.0
2.0
2.0
2.0
2.0
2.0
2.0
2.0
2.0
2.0
2.0
2.0
2.0
2.0
2.0
2.0
2.0
2.0
2.0
2.0
2.0
2.0
2.0
2.0
2.0
2.0
2.0
2.0
2.0
2.0
2.0
2.0
2.0
2.0
2.0
2.0
2.0
2.0
2.0
2.0
2.0
2.0
2.0
2.0
2.0
2.0
2.0
2.0
2.0
2.0
2.0
2.0
2.0
2.0
2.0
2.0
2.0
2.0
2.0
2.0
2.0
2.0
2.0
2.0
2.0
2.0
2.0
2.0
2.0
2.0
2.0
2.0
2.0
2.0
2.0
2.0
2.0
2.0
2.0
2.0
2.0
2.0
2.0
2.0
2.0
2.0
2.0
2.0
2.0
2.0
2.0
2.0
2.0
2.0
2.0
2.0
2.0
2.0
2.0
2.0
2.0
2.0
2.0
2.0
2.0
2.0
2.0
2.0
2.0
2.0
2.0
2.0
2.0
2.0
2.0
2.0
2.0
2.0
2.0
2.0
2.0
2.0
2.0
2.0
2.0
2.0
2.0
2.0
2.0
2.0
2.0
2.0
2.0
2.0
2.0
2.0
2.0
2.0
2.0
2.0
2.0
2.0
2.0
2.0
2.0
2.0
2.0
2.0
2.0
2.0
2.0
2.0
2.0
2.0
2.0
2.0
2.0
2.0
2.0
2.0
2.0
2.0
2.0
2.0
2.0
2.0
2.0
2.0
2.0
2.0
2.0
2.0
2.0
2.0
2.0
2.0
2.0
2.0
2.0
2.0
2.0
2.0
2.0
2.0
2.0
2.0
2.0
2.0
2.0
2.0
2.0
2.0
2.0
2.0
2.0
2.0
2.0
2.0
2.0
2.0
2.0
2.0
2.0
2.0
2.0
2.0
2.0
2.0
2.0
2.0
2.0
2.0
2.0
2.0
2.0
2.0
2.0
2.0
2.0
2.0
2.0
2.0
2.0
2.0
2.0
2.0
2.0
2.0
2.0
2.0
2.0
2.0
2.0
2.0
2.0
2.0
2.0
2.0
2.0
2.0
2.0
2.0
2.0
2.0
2.0
2.0
2.0
2.0
2.0
2.0
2.0
2.0
2.0
2.0
2.0
2.0
2.0
2.0
2.0
2.0
2.0
2.0
2.0
2.0
2.0
2.0
2.0
2.0
2.0
2.0
2.0
2.0
2.0
2.0
2.0
2.0
2.0
