0.29525720199999994
0.33746108
0.33675318700000006
0.295361187
0.642539619
0.33742753400000003
0.33723811699999995
0.753543403
0.3787326059999999
0.3367674789999999
0.33711517599999996
0.864493822
0.37911466700000007
0.3373995209999999
0.37902018599999987
0.295386218
0.33704344399999986
0.975667488
0.3374683810000001
0.3371432590000001
0.3369547879999999
0.37865150599999997
1.0872515059999999
0.3458595059999998
0.37876866499999995
0.37847198800000004
1.087071988
0.3456799879999999
0.379036728
0.37865585700000004
1.087255857
0.378957808
0.33756580800000013
1.086822529
0.3786304629999999
0.336876768
0.37869306199999997
0.33720270799999996
1.0872287090000001
0.3458367090000003
0.3789506819999997
0.337202902
0.37847692499999974
0.3374374050000002
1.086926609
0.37868308799999983
0.3786169560000001
0.3373198660000001
1.086734419
0.37902138400000007
0.3785453369999998
0.3785897920000001
1.0872325360000001
0.337123509
0.3790615289999999
0.3376695289999998
1.0867538840000002
0.37912685
0.3377348499999999
0.3369093729999997
0.33674269599999995
1.095342696
0.3787333770000001
0.33696649300000026
0.378751796
0.37896204199999994
1.087562042
0.34617004200000023
0.37862474999999973
0.3372327500000001
1.0874615070000004
0.37901234799999983
0.33762034799999974
1.087291569
0.3790826060000003
0.3785600389999999
0.37861378000000023
0.33722178000000014
1.0871346069999999
0.37919364600000005
0.37860551099999995
0.3369101050000003
1.0867776660000001
0.3453856660000003
0.3784925079999999
0.3791772309999999
0.3377852309999998
1.0874466919999999
0.37915181700000034
0.33775981699999935
0.37852118999999984
0.37897201500000044
1.0875720150000001
0.3368736279999993
0.3372731299999998
1.087218332
0.379198508
0.378885425
0.37869517300000055
1.086740967
0.3789470899999996
0.3375550900000004
0.379179186
0.33750255599999957
1.087322918
0.3791098779999995
0.3786287110000002
0.3785169910000006
0.3373461710000001
0.37888625699999956
0.9761096179999997
0.3847176179999998
0.3785885890000005
0.37867407599999936
0.9759509940000006
0.3845589939999998
0.37867443000000023
0.37861059700000066
0.975720817
0.3843288169999992
0.3786441929999995
0.37917324899999993
0.3787587160000001
0.9756099049999998
0.38421790499999986
0.37864632600000014
0.37893043900000034
0.33753843900000025
0.9758972650000004
0.3845052649999996
0.3786351689999998
0.37848694100000024
0.37860768800000066
0.975710919
0.3784494970000001
0.337057497
0.37863365699999996
0.9756900679999996
0.3786212229999997
0.3372292229999996
0.33705186099999995
0.33677817700000023
0.9760637299999999
0.3784269389999997
0.337011543
0.37869470199999977
0.33730270200000056
1.0867209459999998
0.37888214100000006
0.37871583799999975
0.33732383800000054
1.0868747590000005
0.3790998460000008
0.3790678879999998
0.3785806549999995
1.08735435
0.3374864009999996
0.3791044269999997
0.3377124269999996
1.0872952699999994
0.37853292900000035
0.337250096
0.33706728399999974
0.33725504200000067
1.0958550419999993
0.3788498580000006
0.3374820310000004
0.3790086170000002
0.37905274000000055
1.0876527399999993
0.34626073999999996
0.3785646010000008
0.3371726009999989
1.0870360860000012
0.37886723899999986
0.3374772039999989
1.0871163609999996
0.37869157899999983
0.37915527500000046
0.37841551700000053
0.3375003870000004
1.087147517
0.3787246890000002
0.37880910999999884
0.33691924300000053
1.0871562999999984
0.345764299999999
0.3789684399999995
0.37888085900000057
0.3374888590000005
0.3788523959999992
0.3374603960000009
0.9761406449999992
0.3784527570000016
0.378534406
0.9760338239999999
0.3372292820000009
0.3372992549999996
0.3791868640000011
0.9757305330000001
0.3843385329999993
0.3788119959999996
0.3791620570000003
0.37896993000000023
0.975928012999999
0.38453601299999995
0.33724046800000096
0.3786603389999996
0.3372683390000013
0.3789159850000008
1.0875159849999996
0.37848313599999983
0.3784340069999992
0.3790231689999999
0.9763364209999992
0.38494442100000015
0.33713293399999955
0.9759969939999991
0.33707222700000017
0.3784737929999995
0.3370817929999994
0.337407580999999
0.9758189479999988
0.3788099970000012
0.33753531999999886
0.33718149599999947
0.3789199950000004
0.3375279950000003
1.0869225829999998
0.37841122799999916
0.37856657100000035
1.0871665709999991
0.34577457099999975
0.3791427600000006
0.37912983399999867
1.087729834000001
0.37875251
0.3373605099999999
0.3788303020000008
1.0874303019999996
0.3374089109999989
0.37853961999999974
0.3374853810000005
0.33690029299999935
1.0955002930000006
0.37903674399999865
0.29544020999999887
0.3369630109999999
0.3791246309999998
0.3791537699999985
0.9762044050000007
0.3375861709999999
0.37913172700000075
0.337747727
0.9756184640000001
0.37885616799999866
0.3369410379999991
0.9760556749999996
0.3846716749999999
0.37886910199999946
0.378919358000001
0.33753535800000023
0.9759430259999995
0.3845590260000016
0.37849644199999943
0.3792453509999998
0.3788422849999993
0.3372023189999993
0.3786418009999988
0.33734019999999987
1.0959482000000005
0.9763605019999986
0.3849765019999989
0.37895224700000085
0.3791622309999987
0.3784854529999997
0.9760079789999985
0.3846239789999988
0.3368543309999996
0.3369615440000011
0.37899860199999935
1.087606602000001
0.346222602000001
0.37850527099999987
0.33725400299999997
0.37920637799999923
1.087814378000001
0.37850935700000043
0.3371541469999997
0.9759273300000011
0.3792169699999999
0.3378329699999991
0.3792398100000014
1.0878478099999995
0.37867013500000013
0.3787949000000008
0.3373910870000003
0.3786781880000003
0.33729418799999955
1.0959021880000002
0.3375637210000004
0.378636761000001
0.33725276100000023
1.0958607610000008
0.3789279679999993
0.3785443260000001
0.3790763350000006
1.0876843349999987
0.3788187669999985
0.37893018199999773
1.0867845039999988
0.3454005039999988
0.3786741169999992
0.37920716700000057
0.336909103
1.0955171030000006
0.3788731700000021
0.33748917000000134
0.3785821709999979
0.33719817099999716
1.0869857169999992
0.37859276300000033
0.33687925099999916
0.3786225829999985
1.0874519990000007
0.378971331999999
0.37888615099999967
0.3786430870000004
1.0873522489999985
0.37910967199999845
0.37907790999999946
0.37876464100000007
1.0869397939999992
0.3784600040000008
0.3372889059999977
0.37875869499999837
1.0870651970000011
0.3456811970000011
0.3785803630000011
0.3789137629999999
0.3784683620000031
0.33708436200000236
1.0870837530000017
0.3790722550000005
0.3792396579999995
0.3378556580000023
1.0873947269999995
0.37883936500000104
0.3789796179999989
0.37856915200000074
1.0868589960000001
0.3454749960000001
0.3787072490000014
0.33732324900000066
1.087162138
0.3791769770000002
0.337792977000003
0.37898473299999935
1.0875301949999994
0.3790635860000009
0.3785044859999971
0.37866346700000264
0.33714779399999983
0.3784941939999982
0.33722549899999876
1.0958334989999976
0.37879822200000035
0.3374142219999996
0.37923799
0.9760066830000014
0.3846226829999999
0.37864625899999993
0.3789376140000016
0.9760850510000019
0.3847010510000004
0.37865371699999884
0.3371613250000003
0.9757135890000015
0.384329589
0.3429455889999993
0.37870689400000046
0.3373340440000021
0.3791840019999988
0.976034349999999
0.3846503499999976
0.3791063120000011
0.3785799740000009
0.9761020309999999
0.38471803099999846
0.3786601069999982
0.3787939960000024
0.9757511649999984
0.38436716500000045
0.33748712399999903
0.3789084339999995
0.3375244340000023
0.9762123329999994
0.3792519900000002
0.33786798999999945
0.3372545750000029
0.3375159760000024
0.9763871149999979
0.3787792749999994
0.3371043089999972
0.37897832500000206
0.3790533310000015
1.0876613309999996
0.3462773309999996
0.3790871719999984
0.3377031720000012
1.0875238240000016
0.3785682930000007
0.3371665489999991
1.0875071470000002
0.37917191200000033
0.3790731020000031
0.3790235580000001
1.0876315579999982
0.3462475579999982
0.3788821709999972
0.3792289980000021
0.3792214999999999
1.087829499999998
0.3788432379999982
0.337453957000001
0.37849700499999983
0.3371130049999991
0.37908044799999985
0.3792392960000015
1.0878472959999996
0.3790235949999996
0.3789609029999994
0.9763308590000008
0.38494685899999936
0.3435628589999986
0.9758972469999989
0.384513247000001
0.34312924700000025
0.3369065479999982
0.3372665940000026
0.9756925509999981
0.38430855100000016
0.3429245509999994
0.37912014399999805
0.37847836999999984
0.33719865700000184
0.3784581369999991
0.37880906699999883
1.087419759000003
0.3788856410000001
0.3370203700000012
1.0872184229999995
0.37885247499999863
0.3374684749999979
0.9762451100000007
0.3848611100000028
0.37871843199999944
0.37917964000000026
0.37854421399999794
0.9762454829999996
0.37916426900000033
0.3375317339999988
0.3374102069999978
0.37920667800000274
1.0878146780000009
0.3464306780000008
0.37902387199999765
0.3376398719999969
0.37862433500000137
0.378702466
1.0873104660000017
0.378730792999999
0.3784946869999999
1.0871026870000016
0.3371943210000019
1.0874224750000003
0.3787544969999992
0.33737049699999844
0.378864458999999
0.3785470910000015
0.3784597440000006
1.0870677439999987
0.3374473499999979
0.3788932410000001
0.33750924099999935
1.0873048439999984
0.3791688409999985
0.3377848409999977
0.37909381400000086
0.3792465540000016
0.37890484700000115
0.37900341699999984
0.9756936550000006
0.37884858099999974
0.9758903359999991
0.38450633600000117
0.33698140799999976
0.3788767439999994
0.3374927440000022
0.975865572
0.3844815720000021
0.3790464130000011
0.3786428339999972
0.3785225390000022
0.9763032509999974
0.38491925099999946
0.3435352509999987
0.37876474299999785
0.3786589470000017
0.37891479299999986
1.0875227930000015
0.3787698199999987
0.37877414299999757
0.9762722669999988
0.3848882670000009
0.3371223229999991
0.37892144199999933
0.3375374419999986
0.976020591000001
0.3787605900000024
0.3369851869999998
0.3368426729999996
0.3372162130000014
0.9758979359999991
0.379045768000001
0.37868525300000044
0.33757250899999747
0.378502374
0.3373901650000022
1.095998165000001
0.37909411999999776
0.3788762099999978
1.087484210000003
0.37907466700000114
0.3791619920000002
1.0877699919999984
0.3787356089999996
0.378729694999997
0.3373790190000001
1.087189630000001
0.37907343699999885
0.3376894369999981
0.3785608389999986
0.3370426309999992
1.0871958329999991
0.37911344000000113
0.37920210600000104
0.3371135480000014
0.3789880690000018
0.33760406900000106
1.0871784889999994
0.37908613799999813
0.37898781400000203
0.3791408109999992
0.975716706
0.3843327059999986
0.3787664409999998
0.3373824410000026
0.9762418429999968
0.3848578430000025
0.33756021599999997
0.37919525699999923
0.378653602
0.9759641409999986
0.3845801410000007
0.34319614099999995
0.3791293679999974
0.37862974600000143
0.33725371999999965
1.0870882490000007
0.34570424900000063
0.37877110999999886
0.3790265599999998
1.087123480999999
0.3790257409999995
0.3788853329999995
0.33750133299999874
0.9757591499999982
0.38437515000000033
0.37899317400000143
0.3791506560000002
0.33683776000000165
1.0871452890000022
0.3788838030000008
0.33749980300000004
0.3792080519999992
0.337824052000002
1.087016000000002
0.3786139420000012
0.37871680900000015
0.3785861579999974
0.3786574000000016
1.0875202150000014
0.3373320210000017
0.3789799169999988
1.087587916999997
0.34620391699999686
0.379104949000002
0.37885461900000195
0.37859307000000086
1.0875532250000006
0.33685367300000024
0.37900267999999926
0.3376186799999985
1.0871090859999981
0.37864458600000006
0.3372605859999993
0.37864969199999976
0.37913378300000034
0.3375215330000003
0.3373631060000015
0.9758844589999995
0.37846680100000185
0.9757851410000029
0.38440114100000145
0.37865890899999854
0.3792271840000012
0.33784318400000046
0.9759211220000026
0.3845371220000011
0.3785864599999975
0.37847132400000305
0.3787179519999988
1.086988447999996
0.37901534500000267
0.33763134499999836
0.379040492999998
0.3788656269999997
0.37884315499999843
0.3791788960000062
1.0877868959999972
0.3368444819999965
0.9760726589999962
0.378845210999998
0.33746121100000437
0.37870106799999803
0.33749763299999813
1.0873865029999976
0.37889609199999796
0.33757240799999977
0.3371629580000004
0.3371518559999984
0.9762954199999996
0.3792512099999996
0.3788129180000013
1.0872181610000027
0.37893717500000434
0.3787854349999975
0.3375137259999974
0.37891722899999536
0.3375332290000017
1.087323959999999
0.3786254029999938
0.3369560000000007
1.095564000000003
0.3791860810000003
0.37916905000000156
0.37920849300000015
0.3378244929999994
1.0873320979999974
0.3787575380000021
0.3786395719999973
0.3375450320000013
1.0869180790000001
0.37918920399999934
0.3370367590000001
0.3786356049999995
1.0874898470000005
0.3789397500000007
0.37846338599999996
0.33741036400000013
0.3792477939999941
0.9763309450000008
0.3849469450000029
0.3790923550000045
0.3373435740000019
0.3788604529999944
0.3789268459999988
0.337119512000001
1.0957275119999963
0.3790809250000038
0.33769692499999593
0.9759267220000041
0.38454272199999906
0.37925166100000496
0.3784996750000005
0.9764425589999988
0.38505855899999375
0.3792535010000009
0.3378695010000001
0.9757392320000022
0.3843552320000043
0.3791315569999938
0.37891035599999867
0.3790660949999989
0.33688579699999366
0.3375042230000034
0.336894516000001
1.0955025159999963
0.3790693979999986
0.33768539799999786
1.0871531350000012
0.37855431100000203
0.3784667200000058
0.9763019270000015
0.3849179270000036
0.378543981
0.33722153000000077
0.37901615999999905
1.0876241600000043
0.3462401600000007
0.37921970899999735
1.0878277090000026
0.37885754200000576
0.37909671799999956
0.3788394120000049
0.3791417260000003
0.33775772599999954
0.3374738939999986
0.3790386049999981
1.0876466050000033
0.3462626049999997
0.37901745100000284
0.9760406400000008
0.378662472000002
0.37882887899999673
0.3789254340000028
0.9757305159999987
0.3843465160000008
0.34296251600000005
0.9761196509999976
0.38473565099999973
0.343351650999999
0.37903171199999974
0.3369813640000032
0.37905945600000024
0.3376754559999995
1.0870036270000014
0.3456196269999978
0.37881723800000344
0.3374332379999956
0.9760398789999982
0.3846558790000003
0.37867250400000074
0.378500080000002
0.9761646520000014
0.3370834649999992
0.37918713900000256
0.3378031390000018
0.9764138810000063
0.3374063669999998
0.3788868270000023
0.33716915099999767
0.33745978700000023
0.378983465999994
0.33713055400000513
1.0957385540000004
0.3784890689999969
0.33710994399999805
1.0870990680000006
0.34571506799999696
0.3789011880000004
0.33729125400000015
0.33729458999999906
1.0959025900000015
0.3786129509999938
0.3374846190000014
1.0870849940000014
0.33754736199999513
0.3791122770000044
0.37900436599999665
1.0876123660000019
0.3372605730000018
0.37920772799999725
0.3374784109999993
0.3375864739999983
0.37906199000000385
0.3375189469999995
0.9759642680000056
0.37891021199999386
0.3375262120000002
0.37900398000000024
0.9759748219999977
0.38459082199999983
0.37858513199999777
0.9759251440000014
0.3845411440000035
0.3368738289999982
0.3787567139999979
0.33737271399999713
0.9758387639999953
0.3788624399999989
0.3786862590000055
0.3785656940000024
0.3791928479999953
0.37849176999999656
0.3370375609999954
1.087233095000002
0.37925113200000027
0.37911992399999406
0.3792539270000006
1.0878619270000058
0.3787924969999992
0.33754032099999876
0.9763317079999965
0.38494770799999856
0.3375387950000004
0.3788526430000019
0.9756605350000029
0.33746974199999613
0.3785081890000015
0.3372190560000021
0.33692922800000247
0.37868597899999656
0.3368887210000011
1.0954967210000035
0.378883873999996
0.33749987400000236
0.37885743500000046
1.0874654349999986
0.37911617200000336
0.37870979000000204
1.087178116000004
0.3789949900000025
0.3788208179999941
0.3790272090000002
1.0876352090000054
0.3790320929999993
0.3784767699999989
0.337361891999997
1.0873255209999968
0.37847603000000163
0.3370920300000009
0.33756168400000064
0.3374709429999996
0.378459792000001
1.0873983609999982
0.3370689200000001
0.37887390799999565
0.37906088799999793
0.3376768880000043
1.087137796999997
0.3786361249999999
0.37869194299999975
1.0870030549999967
0.37886743800000033
0.33758679700000016
1.0873408850000033
0.37903105699999884
0.3376470569999981
0.3791008139999974
0.33771681400000375
1.087488479000001
0.3785559379999981
0.37846818699999574
0.33725542200000547
0.3373740620000021
0.37867590100000115
1.0872839009999993
0.37906283200000246
0.3376788320000017
0.3787349409999976
0.33741752899999966
0.9763563730000016
0.38497237299999654
0.3785118249999968
0.976096695999999
0.3368502840000005
0.3373156919999971
0.3787059450000001
0.33732194499999935
0.975694107999999
0.3787885799999984
0.3790403870000034
0.379025857000002
0.3787160560000018
0.37873042199999674
0.9762561020000007
0.3784924469999993
0.33710844699999853
0.37887080200000156
1.0875343589999957
0.33700921900000225
0.3789720729999999
0.3786851260000006
0.9763158729999972
0.3849318729999993
0.34354787299999856
0.3370140469999967
0.9762228769999979
0.37907935400000525
0.3376953539999974
0.33724221599999993
0.3786234680000007
0.3790181470000036
1.0876261470000017
0.3369271600000019
0.37908043099999844
0.3376964309999977
0.9756694100000018
0.37884510500000346
0.3374611049999956
1.0868502599999985
0.3786308249999948
0.3786249409999982
0.3788922150000005
1.0875002149999986
0.3461162150000021
0.37911487999999594
0.378929995
1.0870214289999964
0.3787310149999996
0.3791469340000049
0.3786396510000003
0.3785773930000005
0.33719339299999973
1.0870830349999991
0.3786332490000035
0.3369242710000009
1.0868542259999998
0.3788592960000017
0.37921860099999805
0.37867232300000353
0.33728832299999567
1.0875277650000044
0.378841125000001
0.37912909799999994
0.3373136189999997
0.3372881960000029
1.0958961959999982
0.3791153680000008
0.37857072399999936
1.0869032479999987
0.37863440399999604
0.37874688299999804
0.3373628830000044
0.37918443099999877
0.337800430999998
1.0871821510000004
0.3785848429999987
0.33737555700000144
1.0874395800000016
0.3788611909999986
0.3787520259999937
1.0867714860000035
1.087621999999996
1.0874391460000012
2.0
2.0
2.0
2.0
2.0
2.0
2.0
2.0
2.0
2.0
2.0
2.0
