0.295257202
0.33746107999999997
0.336753187
0.337427534
0.33723811700000006
0.645838114
0.38777945
0.378675173
0.37843414599999997
0.753700809
0.378781843
0.37911466699999996
0.378732909
0.379066188
0.864493822
0.4206868530000001
0.378719551
0.42037677800000006
0.9758721659999999
0.38448017200000006
0.420476592
0.4202881219999999
0.420318172
0.4205450700000001
1.08704194
0.42043533099999997
0.42013865399999983
0.42012320599999997
0.4207033950000001
0.42028394199999997
0.4206244749999999
0.461989234
0.42029713
1.09556379
0.4617584189999999
1.086822529
0.42876386899999996
0.42058986899999984
0.4205360410000001
0.46229490100000015
0.4201112170000001
0.4622840149999998
1.0872287090000001
0.4625033820000002
0.46181025799999986
0.46243740499999997
0.4202836229999998
1.0955502830000001
0.47082495599999996
0.4623198660000003
0.4623547170000002
0.4202564580000001
0.4204568430000002
0.4623981760000002
1.086852768
0.462394862
0.46248550700000024
0.4624601829999997
0.46233208700000006
0.4202427059999998
0.46174269599999995
0.4620667110000003
0.46215860699999967
1.0869924219999998
0.4622670950000001
0.46229537500000006
0.4622528880000001
1.0869599899999998
0.42029141700000006
0.4622327500000001
0.4620077899999999
0.42032930000000013
0.46234568099999995
1.0872582140000002
0.4207492720000001
0.4626906049999997
0.461893372
1.087291569
0.46212412700000005
0.46210366199999964
0.46193884500000015
0.42024343799999997
1.095510098
0.47078477099999994
0.4201591749999998
0.46210050800000024
0.4208438980000002
0.4627852309999998
0.4617713489999997
0.4623469179999997
0.46185452299999996
0.4206386819999999
1.0869231139999997
0.4288644540000002
0.4708057870000002
0.42055209100000024
0.46253184099999967
0.4205780629999998
1.095844723
0.47111939599999975
0.4622465889999998
0.4625125189999997
0.9763500390000002
0.462086105
0.46250255600000045
0.46244321099999963
0.4201892620000005
1.0872786519999997
0.42067950499999984
0.4626208380000003
0.4622195900000001
0.46183730400000034
0.46192192200000015
0.4620074089999999
0.42036570900000036
0.46230704199999995
1.087256424
0.4625310969999994
0.46203911299999945
0.4625065829999997
0.46184603000000024
0.46209204900000067
0.4622719309999992
1.0869380440000005
0.4619796589999998
0.46182517999999995
0.4622637730000001
0.4624584169999997
1.0867210159999994
0.4621136849999994
0.4619685019999995
1.0869493659999998
0.46222403900000053
0.46194102100000034
0.4617449460000005
0.42017756599999956
1.0869535260000003
0.4622281990000001
0.4618987590000003
0.4619545570000003
0.461773161
0.4623783499999998
0.46205186099999995
0.46176027200000025
0.46231927000000006
0.462011543
0.46202803599999953
1.0871748410000004
0.46232714799999997
0.4620491720000004
0.4621820569999997
1.086758831
0.4624331789999996
0.46240122100000036
0.46191398800000005
0.46187283800000056
0.4624864009999996
0.975643066
0.46243775999999936
0.4617912549999996
0.4618662630000001
0.9756765349999998
0.462250096
0.46214036099999944
0.4622550419999998
1.087191474
0.46246614700000066
0.4621715170000007
0.4624820309999995
0.462341951
0.46251519299999977
0.4621803
0.46189793400000045
0.5034200359999996
0.4624772039999998
0.42008218399999997
1.095348844
0.5039568499999998
0.4625003869999995
0.46227575699999957
1.087043284
0.4623179569999998
0.42047577700000005
0.46216893499999934
0.46191924299999965
0.46231643099999964
1.0873620729999995
0.46263674600000027
0.4618656440000004
0.4623530279999999
0.46218572999999985
1.0871765719999997
0.46245124499999957
0.46178609000000037
1.0874646080000003
0.46273928100000017
0.4617781659999993
0.462229282
0.4622992549999996
0.42036456599999994
0.46214532900000016
0.46249538999999995
0.46247153299999955
0.4208420930000001
0.4621321050000011
1.0871901919999996
0.4624648650000003
0.46208071300000064
0.42058265100000014
1.0870391239999995
0.42014980300000104
0.46209113599999974
0.46176733999999886
0.46235650199999956
0.462245405
0.46194658300000047
1.087496197
0.46213293400000044
0.46207222700000017
0.46180712600000007
1.087279263
0.46255393600000083
0.4204766640000006
0.4624179970000011
1.0869919899999996
0.42893333000000133
0.470874663
0.46218149599999947
0.46225332899999927
0.46216169399999885
0.46189990399999914
0.5041932369999991
0.4208445009999995
0.5038317499999998
1.0869831779999988
0.42893251800000165
0.47088185100000146
0.4207902449999992
0.462739577999999
1.0874939569999995
0.4619209529999999
0.4618015749999991
0.4202816259999995
0.4625333810000001
0.4624180770000006
1.0872705749999998
0.46255324800000075
0.4621548760000014
0.462505964
0.46248710299999907
1.087500093000001
0.4625861709999999
0.46246505999999954
0.46194571799999906
1.0871876349999994
0.46247030800000033
0.4624891069999997
0.46194103800000086
0.42053576900000067
0.46249561299999975
0.46225269199999985
0.46220699599999904
0.4618297760000001
1.0869870110000015
0.4622696840000007
0.46257868400000035
0.4621756189999999
1.087054136999999
0.4290034770000002
0.42067353300000043
0.46262286600000024
0.42032204299999876
0.4623352719999989
0.46228557999999964
1.0868069980000001
0.46249556499999933
0.46181878600000026
0.4620624410000005
0.46204179799999956
1.0868315170000002
0.4621141900000012
0.4623319350000017
0.4618525019999993
0.46183860399999865
0.46248965299999867
1.087447288
0.5039206699999994
0.4618426909999993
0.4622970009999996
0.46255030300000044
0.5044996360000003
0.4625731430000002
0.42033680199999957
0.4622861349999994
1.086912366
0.4621282329999996
0.4618085040000004
1.0869375440000013
0.42888688400000063
0.420911555
0.4628608879999998
0.4203034280000004
0.4625637210000004
1.087515711
0.46279838400000095
0.46226130199999993
0.4618776589999989
0.4624096679999994
1.0869376930000012
0.4622203660000004
0.46226351500000007
0.42034078300000033
0.46232564499999995
0.4207095830000007
0.46265891600000053
0.4202424359999988
1.095517096
0.42029712699999955
0.46232796099999973
0.46191550400000025
0.42025942999999977
0.46208919700000095
0.4202892499999997
1.0955639099999992
0.47084658300000015
0.4206379990000002
0.46221948399999846
0.4204410860000003
1.0957157459999998
0.4207445760000006
0.4626939090000004
0.4620979750000007
0.4624187269999993
1.0871825029999993
0.46246517600000026
0.4622889060000013
0.46188299599999993
1.0868701079999994
0.462510623
0.4619136959999999
0.4622470969999988
0.4618016950000001
0.4619847420000003
0.4624055889999994
0.46255419500000095
1.0870159899999994
0.46257299100000004
0.4621726989999999
0.46231295200000133
0.420752392999999
0.4627017259999988
0.4620405820000002
1.087068028000001
0.4623507010000001
0.46251031000000076
0.4205418319999996
0.4204751280000014
0.46242446100000123
1.087162138
0.46239691900000146
0.46199679999999965
0.4622201619999995
0.46214779399999983
1.087502692000001
0.46222549900000054
0.5041748320000004
1.0868784850000015
0.4621611580000007
0.46232049600000025
0.4205905850000011
0.4625713230000006
0.46216946099999845
0.4622709469999986
0.4621763339999987
0.4619870499999994
0.4621613250000003
1.0868138190000014
0.4620964920000006
0.4618218410000008
0.4203735599999998
0.46233404400000033
0.46251733500000114
1.0868246999999993
0.46229280899999914
0.46234744399999883
0.462439646
0.46191330699999966
0.4620775100000003
1.0869555920000007
0.42046066300000007
0.503660107
0.4622022399999999
1.0872131419999995
0.4624958150000005
0.46248712399999903
0.4617918879999987
1.0868622759999997
0.4625478239999996
0.4206577169999992
0.462607049999999
0.462531147
0.4204459420000006
0.4625159760000006
0.46193752200000127
0.46210430900000077
0.42071999799999915
1.087498226000001
0.46247763399999897
0.42075383799999955
0.42090924300000054
0.42049988199999966
0.46244921499999947
1.0872177669999985
0.42073976900000076
0.4626891020000006
0.46192599300000126
0.46235689100000066
1.0872305749999995
0.46253174299999955
0.4625623309999991
0.4624659700000002
0.4625548340000005
1.087287658000001
0.4625703310000002
0.4620323580000001
0.4203695790000008
0.46231891200000064
1.087425399999999
0.4624137810000022
0.46182766199999925
0.4206275700000006
0.46257690300000043
0.4202148689999987
0.4625006040000006
0.462443759000001
0.46201691399999945
1.087191503999998
0.4202398810000023
0.4622424229999993
0.46207492799999983
0.46189445799999973
1.0874299569999994
0.42078681099999926
0.46273614400000085
0.42053199000000063
0.46248132299999867
0.46179147099999796
1.0875486290000005
0.46283130200000144
0.46221897500000253
0.4623549259999997
0.4620203700000012
0.462185808000001
1.0873811940000007
0.42038509900000065
0.46233443200000224
1.0872425939999992
0.42919193399999855
0.47114126700000014
0.4618775470000003
0.420830935999998
0.46244647500000013
0.42086506800000123
0.4624102069999978
0.4625400110000015
1.0871183999999978
0.42069053899999886
0.4626398719999969
0.420291001999999
0.46224033499999706
0.4620357999999989
1.0869194970000002
0.46232884400000174
0.4205276550000008
0.4624769879999988
0.462087829999998
1.0870014979999993
0.4622841710000003
0.4201264110000018
0.46207574399999984
0.4618287670000001
0.4624473500000015
0.4620254469999985
1.0873634930000016
0.46180284699999774
0.4208236740000011
0.4627730069999991
0.4620006829999994
0.4209132209999993
1.087040125999998
0.46223817999999994
0.46233674999999863
0.4624383620000003
0.46218191500000216
0.46215895699999976
1.0871737920000015
0.46198140799999976
0.4622100780000018
0.4621595790000015
0.46223532400000167
1.0872025749999992
0.4624852479999966
0.46197616799999963
0.461855872000001
0.4624473989999984
0.46238248899999945
1.0874031480000035
0.4626858210000009
0.42032561399999935
0.4622481270000023
0.4204364869999999
0.4620330469999985
1.0873663730000018
0.4623406010000011
0.4624716219999989
0.4621223229999991
0.4622547749999981
0.462373963000001
0.42069918400000006
1.0959738439999995
0.4712565170000005
0.4619851869999998
0.4618426729999996
0.4622162130000014
1.0870740770000005
0.4622136300000008
0.46201858599999923
0.462572509000001
0.46183570699999876
0.420723498000001
1.087083476
0.46221983300000247
0.4624274530000001
0.46240799999999993
0.4624953259999991
1.0873110060000002
0.46259367900000115
0.4620630279999993
0.4623790190000001
0.4624067700000012
0.46252315399999944
0.461894173000001
1.087355101
0.46204263100000276
0.4624467730000035
0.4625354389999998
0.4623769539999998
0.4621135480000014
0.46212396099999964
1.0871855430000004
0.46246821599999777
0.46209925200000157
0.4623211470000008
0.46247414400000153
1.0871784889999994
0.4621122490000005
0.4620997739999986
0.46195805099999987
0.4620967579999977
1.0868278169999996
0.4621474809999988
0.46252859000000157
0.5044779229999996
0.4621817589999999
0.46234858999999773
0.4618942610000012
1.0872974019999972
0.4619630800000003
0.46216928899999843
0.46225371999999965
0.4625818489999993
1.087503465000001
0.462786138000002
0.42069240800000074
0.4626417410000023
0.4622186670000019
0.46179310599999823
0.4621480290000015
0.46232650799999675
1.0870159899999976
0.462483988999999
0.46237568700000153
0.4618377599999981
1.087438702
0.462721375000001
0.4208747180000003
0.4628240510000019
0.4625736050000029
0.4619472760000001
0.4620501430000026
1.0873358929999988
0.4621330859999979
0.4619907330000004
0.4623320210000017
0.46231325099999765
1.0875202150000014
0.46280288800000235
0.42025973599999844
0.46220906900000003
0.46201957100000257
0.46185367300000024
0.46192025199999875
1.0872378309999995
0.4624255660000003
0.46197791899999885
0.4621070879999998
0.46205623299999843
0.420800449999998
1.086895492
0.42884483199999934
0.47079416500000093
0.4623631060000015
0.4618001350000007
0.4625712929999999
1.087414282000001
0.4622739660000015
0.4625605180000001
0.4619456280000023
0.4622595710000006
1.0873120140000019
0.46259468700000284
0.46220776999999913
0.46205128500000114
0.46241050300000097
0.46234867800000146
1.0869590250000023
0.4623738270000004
0.46219896000000205
0.4208455630000003
0.46279489599999835
0.42057549400000127
0.4625248269999993
1.0869682430000012
0.46184448200000006
0.462079726999999
0.4620344009999968
0.4623479599999989
1.086780657000002
0.42872999700000136
0.4706793299999994
0.4204962920000028
0.46257240799999977
1.087552535999997
0.4295018759999998
0.4714512089999978
0.46214625100000006
0.46227050899999966
0.46211876899999993
0.4625137259999974
0.46194207899999995
0.4204668300000023
1.0957414900000018
0.42084718000000265
0.4627965130000007
1.0874736330000019
0.4208527480000015
0.46280208099999953
0.46250238300000035
0.462130375000001
0.46209087099999735
0.420799388999999
0.46197290599999974
1.087332098000001
0.46261477099999837
0.4203700930000025
0.462363449999998
0.4206064170000019
0.46255574999999993
1.087226561999998
0.46241036400000013
0.4620618329999999
0.46258112800000006
0.4619853230000004
0.4624256879999997
0.4206769070000007
1.0959515669999966
0.42059351199999995
0.462542844999998
0.4618743429999981
0.462119512000001
0.4207983420000012
1.0960730020000007
0.4713556749999981
0.4625849940000002
0.46226275199999733
1.086772718999999
0.4620553919999999
0.46251640899999913
0.46258683499999975
0.4620587839999999
0.46248000599999983
0.4624648899999997
1.0875536699999984
0.4628363429999993
0.4623994280000012
0.46201914000000244
0.46188579700000076
1.0873902579999992
0.4626729310000002
0.461894516000001
0.46240273100000095
0.4619780560000031
0.4618876440000008
0.4618000539999976
1.0871531350000012
0.4624358079999986
0.4623556279999974
0.46222153000000077
0.46234949299999784
1.0874130379999976
0.4626957109999985
0.4621757510000002
0.462190875000001
0.46243005099999834
0.46217274600000025
0.4618656269999981
1.087480223
0.46210115399999907
0.4622547620000006
0.46247389400000216
0.4623719380000004
1.0867917439999992
0.4621467680000002
0.4620276270000012
0.4619958060000009
0.46216221299999916
0.46225876700000157
1.0874179700000006
0.462700642999998
0.4621749899999976
0.46220011899999847
0.4619693110000007
0.4623650459999986
1.0874510589999993
0.46273373200000023
0.462392788999999
0.46238907800000106
0.46254899199999855
0.46202631999999966
1.0873267849999984
0.4626094579999993
0.46199136199999913
0.46253832200000033
0.4620058370000031
0.4618334130000008
1.0871305800000002
0.4620834649999992
0.4625204729999979
0.4624362220000009
0.4625502259999976
0.4624063669999998
1.0870159900000012
0.4205024850000001
0.4624518179999981
0.46245978700000023
0.46231679999999997
1.0871265709999989
0.4625433639999983
0.46182240199999924
0.46210994399999805
0.46251754400000067
0.4622345209999992
1.0870990680000006
0.46238174099999796
0.42081795200000016
0.4627672849999982
0.46209937899999787
0.46254736200000224
1.0871961599999977
0.462337698999999
0.4621099330000007
0.46226057299999823
0.4625410609999996
0.46206025499999726
1.0871065540000018
0.4290558940000011
0.42030720800000054
0.4623953229999991
0.4625189469999995
0.4622435460000034
1.0872705899999993
0.46255326299999666
0.4618757060000007
0.46225709499999823
0.4619184650000001
0.46254749299999887
1.087421611
0.4618738289999982
0.4203536310000011
0.46230296399999915
0.46219577300000125
1.0874544109999995
0.4627370839999969
0.4208595150000001
0.5041334850000005
0.4618251029999989
0.46179564600000234
0.46203756099999893
1.0869121009999994
0.46245325699999995
0.42043973100000187
0.4625872599999994
0.4621258300000015
1.0869618950000017
0.46254032099999876
0.4208721279999992
0.4628214609999972
0.46218597600000066
0.4622021160000003
0.4624697419999997
1.0870159899999976
0.4289653300000005
0.42026256100000126
0.4622190559999986
0.462019312999999
0.4202220539999999
1.0954967139999994
0.42076868300000214
0.4627180160000002
0.46219076899999934
0.46244950500000215
1.087354653000002
0.46263732600000296
0.462422360999998
0.42069387599999786
0.46264320899999944
0.4623654270000017
1.0868175220000005
0.46216179700000026
0.4203603880000024
0.46236189200000055
0.4618093630000004
0.42021362299999865
1.0873255209999968
0.46236488500000306
0.4208042760000019
0.4617931259999999
0.46251247899999726
0.4620689200000001
0.462207240999998
0.4203027920000011
1.0955774520000006
0.47086012499999796
0.4620252769999986
0.46226366900000215
1.0870159900000012
0.46258679700000016
0.4623643909999977
0.4618299790000009
0.46243414699999974
0.4619671590000003
0.4624914839999974
1.0875376840000008
0.4628203570000018
0.42056514100000086
0.46225542199999836
0.46237406199999853
1.0873702210000005
0.4618292189999984
0.4623961659999978
0.46258312600000195
0.46206827399999995
0.4202087490000004
1.0954834089999999
0.4707660820000008
0.46184515899999923
0.4623912130000001
0.46185028400000405
0.46231569200000067
1.0867775200000018
0.46226952600000004
0.4621219140000008
0.42078431799999905
0.4627336509999971
0.4623591900000008
1.0869852340000037
0.46226790699999754
0.4620637560000027
0.4618257799999981
0.46210573500000507
0.46220413500000035
0.4620049390000034
0.4206387389999975
1.0875343590000028
0.4620184589999994
0.4624530260000057
0.4619728280000004
1.087015277999999
0.4622979509999965
0.4620140470000038
0.46241268700000404
0.4618693859999965
0.46229432099999457
0.46224221599999993
1.087333988000001
0.46261666099999843
0.4620454289999998
0.4619271600000019
0.46241376500000086
0.462573122000002
1.086985218999999
0.4620952900000006
0.4621070350000025
0.4619641589999972
0.46195827499999353
1.0868502599999985
0.46213293299999947
0.46222554799999926
0.4624482129999947
0.4622633280000059
0.4625517650000006
0.4620643479999984
1.087327479999999
0.46261015299999997
0.46258175399999857
0.46191072599999927
0.4618380099999939
1.0871544389999954
0.4624371120000035
0.46192724800000207
0.462192629999997
0.46255193500000047
0.46200565699999885
0.461898951000002
1.087210030999998
0.46249270400000597
0.46246243099999873
0.4624635799999979
0.4623136189999997
1.0874562670000003
0.46273894000000126
0.4624487020000032
0.46179548599999976
0.46196773700000193
0.46208021600000393
0.46196576100000186
1.0869002709999975
0.46251776399999756
0.4624117919999975
0.4619181759999975
0.4621930919999997
1.0871821510000004
0.4621945239999974
0.4620853599999961
0.4625605409999949
0.4621882790000029
0.46220808600000396
0.46181055200000287
1.0868800579999984
0.4623473340000004
0.4619468229999981
0.46197148999999627
0.46231126800000055
1.087033962999996
0.46208244099999973
0.4619294190000005
0.4625509379999997
0.46195687300000543
0.4618049990000017
1.0873515570000052
0.46263422999999904
0.4624657009999993
0.4623926140000023
0.46246455499999684
0.46184543799999744
1.0873428609999962
0.46184231600000203
0.46211540099999837
0.4618145949999999
0.46246610700000446
0.46224557700000446
1.0871404790000057
0.462253663999995
0.4618521010000052
0.4625170469999986
0.46222620599999686
0.46225237999999536
1.0874330679999957
0.4622487580000012
0.46203124099999826
0.4618964659999989
0.46240758000000426
1.0868608300000062
0.46241973499999744
0.4619840589999953
0.46250917300000083
0.4625611539999994
0.4619469969999983
1.0871956869999977
0.46247835999999864
0.46243555400000247
0.46254711400000303
0.46245585499999464
0.4622401679999939
1.0871131330000026
0.46251329300000066
0.46233699799999783
0.46247798400000306
0.46204069400000236
1.0871907309999997
0.4624734040000007
0.46235609099999664
0.46199528000000356
0.4620217550000021
0.4625623720000007
0.4619243270000055
1.0875541530000064
0.4622267519999994
0.4622734599999987
0.46212071900000495
0.4624699920000026
1.0873996680000033
0.46194029899999833
0.46209672300000193
0.46221366099999983
0.4621363580000022
0.462017895999999
0.4621868150000026
1.087474271000005
0.4621079409999993
0.4621769679999943
0.46214290900000066
0.46206705499999856
1.087435960999997
0.462718633999998
0.46190272300000146
0.46197011499999974
0.4623440749999972
0.46179270700000075
1.0873579260000028
0.46222280900000356
0.46236079799999885
0.462133080000001
0.46232694800000473
0.46179455300000427
0.4621074519999979
1.0872713549999986
0.46246651400000616
0.4625462039999988
0.46214873499999953
0.46199923300000023
1.087020822999996
0.4619426610000019
0.46215153200000003
0.4619369199999994
0.4623683220000032
0.4624998900000037
0.46216681599999987
1.0870956680000035
0.4622072459999984
0.46248675700000064
0.4623561049999978
0.4625621539999969
1.0874392750000013
0.4627219480000022
0.46256923099999625
0.46208053499999835
0.4619950430000017
1.0874041959999943
0.46268686900000233
0.46208524200000056
0.4618569739999998
0.42019137399999806
0.4207292549999977
0.4626785879999957
1.0869431369999987
0.4622258099999996
0.4622711979999963
0.4625431079999984
0.46225258800000546
1.0869418119999992
0.42042611800000174
0.46237545099999977
0.4619865939999954
0.4623178730000035
0.4209002499999954
0.46284958300000056
1.087405853
0.4626885260000009
0.46194605299999836
0.46184900899999803
0.4625192770000055
0.46182316299999826
1.0872703850000036
0.46255305799999746
0.4625390859999996
0.42013772700000374
1.086807933000003
0.4287572729999951
0.47070660600000025
0.462486865999999
0.4625879820000023
0.46241067399999736
0.4625569060000032
0.461974914999999
1.08679652
0.42874585999999937
0.504028525999999
0.4619017939999992
1.0874901580000014
0.4627728310000023
0.46194572599999617
0.46195494900000256
0.4624506729999993
0.4208181549999992
0.46276748799999723
0.46210437700000284
1.0873176999999998
0.4626003730000008
0.4621368970000006
0.46228128999999996
0.4620681729999987
0.4622074480000009
1.086809500000001
0.4205105950000032
0.46245992800000124
1.0867646080000029
0.46215853500000037
0.46223914999999494
0.46257888600000285
0.46199285000000145
0.4624777519999981
0.4623166470000015
0.46181552499999867
0.4624466579999975
1.0871025849999967
0.46224612099999973
0.46249215899999996
1.0871635929999997
0.4624462660000006
0.42028808300000264
0.462492766000004
0.46251764099999804
0.4618597150000028
0.46181742200000286
0.46207396100000153
1.0872926640000031
0.462575336999997
0.46240919800000313
0.4620951220000009
0.4204358209999981
0.4202962029999995
0.4624947150000054
1.0874795620000057
0.4625219359999946
0.46212947100000434
1.0873359139999934
0.46261858700000147
0.4620924709999983
0.462343017000002
0.46182113600000463
0.46198547200000206
0.4622327689999963
0.4623497819999969
0.4620129970000022
1.0871097990000038
0.4208044510000022
0.5039320099999998
1.0874586959999988
0.4205763649999952
0.4625256980000003
0.4205742880000045
0.46252362099999544
0.42030540100000024
0.4622547339999983
0.46227037699999585
1.087556622000001
0.462839295000002
0.46181617599999925
0.4622798320000001
0.46251087200000285
1.0870674279999974
0.4290167679999968
0.4709661009999948
0.42021907500000566
0.4208292459999967
0.46277857900000186
1.0869715860000042
0.46244987299999707
0.462488534000002
0.4622048900000024
0.4620658630000065
0.4618860060000003
0.42016097899999494
1.086916604999999
0.42048642099999967
0.4624357539999977
0.42032745299999874
1.0956021130000053
0.47088478599999917
0.4617911939999999
0.4624491519999978
0.4205774820000059
0.4625268149999968
0.46203382400000237
1.0870087270000042
0.462291399999998
0.42034303300000175
0.4622923659999998
0.4619547019999999
0.42080276000000083
1.0868256600000024
0.46187757400000606
0.42073594299999684
0.46203586800000096
0.4619753159999931
1.0873366739999994
0.4626193470000004
0.4619437810000022
0.46258759299999497
0.46184431500000045
0.4622540789999974
0.4620654559999977
1.0869025259999958
0.46231573900000456
0.4621051009999988
0.46226532499999706
1.087372289000001
0.4626549619999949
0.4624714449999985
0.4624535000000023
0.4618252849999962
0.4623325969999996
0.462338527
0.46228143300000113
0.46257842099999635
1.0868131889999972
0.46241995900000177
0.4618948779999954
0.4618293209999962
1.0869183219999954
0.4625031679999978
0.4625107479999997
0.46187623599999483
0.46231777700000265
0.461958616000004
1.086798090000002
0.462080763000003
0.46211439700000057
0.462112740000002
0.46207223599999736
0.462170712999999
1.0873836210000007
0.4626662940000017
0.4623250349999992
0.46230655799999454
0.4618667940000023
0.4620023590000031
1.0875626609999998
0.46190088399999496
0.4618858040000049
0.46226488399999965
0.46193816899999973
0.4624304009999989
1.0870486429999957
0.46233131600000377
0.46242082100000204
0.4618350319999962
0.46226356200000396
0.46252770000000254
1.0875548190000046
0.4622622229999962
0.46244286799999657
0.4617991009999969
0.46235045799999597
1.0873753839999978
0.46265805699999873
0.46196971800000597
0.46245728799999597
0.4622961150000009
0.4621507500000064
0.46194152400000377
1.087407601999999
0.4208365500000042
0.4627858829999951
0.4624158620000003
0.46186012799999787
1.0868523540000012
0.46258200999999843
0.46183022200000323
0.4618948939999967
0.4619280259999954
0.46214839600000346
0.46204506300000503
1.0868020099999995
0.4202219989999989
0.4623758069999937
0.4624032480000011
0.4624228400000021
1.0868548279999999
0.42084452699999986
0.462793860000005
0.46203845000000143
0.4621978149999961
0.4625222950000065
0.46180090800000073
1.0874475120000042
0.4201722520000004
0.46212158499999845
0.4624517470000029
0.46241212799999687
1.087546426000003
0.42083628900000036
0.4627856220000055
0.4625552380000002
0.46252048699999904
0.4623308180000052
1.0873402269999985
0.4626228999999995
0.42084421100000213
0.46279354400000017
0.4618213919999974
0.462513064999996
1.0875584599999968
0.42082882500000096
0.4627781580000061
0.46185908100000006
0.4621791199999947
0.46231073899999586
1.0871776679999954
0.46195534699999996
0.46269978099999776
1.0874904969999974
1.0870472739999997
1.0874699210000003
2.0
2.0
2.0
2.0
2.0
2.0
2.0
2.0
2.0
2.0
2.0
2.0
2.0
2.0
2.0
2.0
2.0
2.0
2.0
2.0
2.0
2.0
2.0
2.0
2.0
2.0
2.0
2.0
2.0
2.0
2.0
2.0
2.0
2.0
2.0
2.0
2.0
2.0
2.0
2.0
2.0
2.0
2.0
2.0
2.0
2.0
2.0
2.0
2.0
2.0
2.0
2.0
2.0
2.0
2.0
2.0
2.0
2.0
2.0
2.0
2.0
2.0
2.0
2.0
2.0
2.0
2.0
2.0
2.0
2.0
2.0
2.0
2.0
2.0
2.0
2.0
2.0
2.0
2.0
2.0
2.0
2.0
2.0
2.0
2.0
2.0
2.0
2.0
2.0
2.0
2.0
2.0
2.0
2.0
2.0
2.0
2.0
2.0
2.0
2.0
2.0
2.0
2.0
2.0
2.0
2.0
2.0
2.0
2.0
2.0
2.0
2.0
2.0
2.0
2.0
