0.295257202
0.33746107999999997
0.336753187
0.3790942
0.33706594
0.37890478400000005
0.642539619
0.37867517300000003
0.42010081299999996
0.42044850899999997
0.420399576
0.753999576
0.462607576
0.462399521
0.46235352
0.5038445970000001
0.864493822
0.5037195510000001
0.5037101110000001
0.462468381
0.5035131960000001
0.503809926
0.975872166
0.545288122
0.545318172
0.54554507
0.5455860419999999
0.545435331
1.0867785989999998
0.545123206
0.586805321
0.5873700610000001
0.545978061
0.6286558569999999
0.5872911419999999
0.5869637970000001
0.6286319009999999
0.586876768
0.6284250860000001
0.6286930620000002
0.628923203
0.628845374
0.6289506819999999
0.6706042349999999
0.6700872170000001
0.6705122349999999
0.6291362349999998
0.670119591
0.6703257549999999
0.670259623
0.712224188
0.6706640509999997
0.712295866
0.6702324580000001
0.7118546700000001
0.711745506
0.6707041949999999
0.7537661759999998
0.7123661760000002
0.712461507
0.7124361830000001
0.712308087
0.7118853729999999
0.7539582359999999
0.7120427109999998
0.753385363
0.753801274
0.7536091599999999
0.7537277960000002
0.7123277960000001
0.795604709
0.7542047089999999
0.7536007499999999
0.7953171229999998
0.7539171230000001
0.7541133579999999
0.8373216810000002
0.7535360390000001
0.7957252719999999
0.7952564470000003
0.753856447
0.8371001270000002
0.7958363130000001
0.7955516650000001
0.8369148449999999
0.7952776839999998
0.836886105
0.7950743
0.8368018409999998
0.795819898
0.7957944829999999
0.8367473490000004
0.8372786519999997
0.7958786520000003
0.7956146820000001
0.8789895840000002
0.836849628
0.83724913
0.7958491300000001
0.8375078409999999
0.837004506
0.837256424
0.8788873959999997
0.8374873960000002
0.7960873960000003
0.8791551860000002
0.8377551859999999
0.642538965
0.8790858779999997
0.8376858780000003
0.8786047109999999
0.8373221709999998
0.9201596580000002
0.8788622569999998
0.8783876830000001
0.9201466379999999
0.8369493659999998
0.8369837640000002
0.9205837640000003
0.8369199310000002
0.8786750429999999
0.8786817789999999
0.8374825829999999
0.83682203
0.9202868589999995
0.8787347160000003
0.8789145979999997
0.8786223259999999
0.8372397729999999
0.9201345129999998
0.8791010840000002
0.8787563519999999
0.6424861119999994
0.8367962749999998
0.9202778359999999
0.9205081740000001
0.8791081739999997
0.8783876130000001
0.8784868990000003
0.9200921640000002
0.8786921639999998
0.878541426
0.8790210160000003
0.9200824940000003
0.8784208439999999
0.9203611940000003
0.8369875430000002
0.8370040360000002
0.9206040359999994
0.8784543129999998
0.9622952699999998
0.8788581410000003
0.878691838
0.9206364819999995
0.92049139
0.8790913900000001
0.6425988399999998
0.8785566550000001
0.9624091789999998
0.9201821710000004
0.9207957339999995
0.9207470940000002
0.9201005879999995
0.920369419
0.920175596
0.8787830269999999
0.8788977080000002
0.9624977079999999
0.8788258579999999
0.879124698
0.9204808499999997
0.8790808500000002
0.753843239
0.8874432390000004
0.9208245259999996
0.8794245260000002
0.9621562999999993
0.9207562999999999
0.9207865379999998
0.8793865380000003
0.9203342459999995
0.9200581840000002
0.878918423
0.9208097200000003
0.8787851099999999
0.9203673549999998
0.9204782690000002
0.8790782689999999
0.8789444399999997
0.7625444399999992
0.9618952430000007
0.9201749770000003
0.9206623620000007
0.9621901919999996
0.9207901920000001
0.920372457
0.9200954239999994
0.878695424
0.8372954240000006
0.9208954240000002
0.8791628639999995
0.9622052819999993
0.8787879959999998
0.9203405660000001
0.8791380569999996
0.9207808660000003
0.879380866
0.7535967259999996
0.9622792630000001
0.9208792629999998
0.9203030060000001
0.9622164679999994
0.83674334
0.878459136
0.9620591359999997
0.8789991690000001
1.003891985
0.9205547380000008
0.9202559170000004
0.9204422669999994
0.9203165120000003
0.753916512
0.8875165120000004
0.9620482269999995
0.920648227
0.9207169139999998
0.9624939569999995
0.9621193310000002
0.9208446529999996
0.9204908299999994
0.920562662
0.8791626620000006
0.9206039079999995
0.8785425709999997
0.8791187599999999
0.9627187599999996
0.9213187600000001
0.9207725010000001
0.8793725009999998
0.7541280480000001
0.9620618429999999
0.9206618430000004
0.9207182450000007
0.8368762929999995
0.9704762929999999
0.9618489529999996
0.8790127440000006
0.9626127439999994
0.8788334530000004
0.92041621
0.9202723449999999
0.9207672979999995
0.7543752980000002
0.9203394710000001
0.9624151030000005
0.9210311029999998
0.9202550509999998
0.9624410599999997
0.8785837039999995
0.9621655020000004
0.9201403309999998
0.9208049460000005
0.9621784359999994
0.9207864360000002
0.9205163299999999
0.9201648499999999
0.8787857570000002
0.9618057759999994
0.9208880170000002
0.9204849519999998
0.8790929519999997
0.7541382310000007
0.9624472879999999
0.9210552880000007
0.9206446049999997
0.9623162000000001
0.8784614529999999
0.9620694529999998
0.8785790329999994
0.9622615799999998
0.8787051080000001
0.9203511309999994
0.7539591310000002
0.9201636640000004
0.9202708780000002
0.9201618350000009
0.9623079350000001
0.9618146039999997
0.9624656530000006
0.9210736529999988
0.8796816529999996
0.9618186910000004
0.9204634800000004
0.920271026
0.9625263030000006
0.9625491429999995
0.9211571430000003
0.9617938199999996
0.9204375670000005
0.9201178369999994
0.920320854999999
0.8792208880000008
0.9628288879999998
0.7536523840000005
0.9621988229999996
0.9208730539999994
0.920288263999999
0.9619460940000009
0.8790523349999999
0.9626603350000007
0.8787947669999996
0.9624027670000004
0.8789061819999997
0.7538491700000005
0.9207853319999995
0.9206349779999989
0.9203167829999996
0.9206855830000009
0.9625165000000004
0.9618851030000002
0.9202731270000015
0.9623039609999999
0.920203441
0.9618915040000005
0.920398531
0.9619020969999994
0.9202652499999999
0.9618552510000011
0.9622806659999998
0.9208886659999997
0.9207523389999999
1.0043603389999998
0.9629683390000014
0.9215763389999996
0.878436004000001
0.7620440039999998
0.9620739749999991
0.9205982390000003
0.9204013619999998
1.004061393999999
0.9208199569999991
0.9618589960000001
0.8788288049999995
0.8784443619999998
0.9622230970000007
0.7539556180000009
0.9202940749999993
0.9207149220000002
0.920863529
0.9208360249999998
0.9625489910000002
0.9621486990000001
0.9206095360000006
0.9618784849999997
0.9623950590000003
0.9620165819999986
0.9208196439999998
0.9617774000000008
0.9621844989999992
0.9207924989999992
0.9207062520000004
1.0039607329999995
0.9618138189999996
0.7542139900000002
0.9628219900000001
0.8788681660000002
0.9624761660000001
0.962123794
0.9201580329999999
1.0034701940000001
0.8788999190000002
0.9625079190000001
0.9622964959999987
0.9202889259999996
0.7534645080000004
0.887072508000001
0.9206805079999985
0.9621454610000004
0.9202963830000002
0.9204706579999993
0.9622131419999995
0.9208211419999994
0.92034956
0.9618622759999997
0.9208266689999984
0.9623100440000005
0.9622688090000011
0.9623234440000008
0.870931444
0.9624156460000002
0.9618893069999999
0.9204366630000003
1.0040446630000002
0.9626526630000001
0.921260663
0.9204637219999992
0.9205511010000009
0.962463124000001
0.9617678880000007
0.9208946559999998
0.9625238239999998
0.9211318240000015
0.9208404800000007
0.8794484799999989
0.7540920670000002
0.9627000670000001
0.921308067
0.9204136429999998
0.9619135220000015
0.9206959979999993
0.9622876579999993
0.8790631720000004
0.9624536339999992
0.9208852430000007
0.9202109600000004
0.920814579
0.9621425489999993
0.9202353270000003
0.7538433269999985
0.9206662239999996
1.0040491019999997
0.9625077429999997
0.9621915040000015
0.9625383310000011
0.962530833999999
0.8711388339999999
1.0047468340000005
0.8786789119999998
0.9622869120000015
0.9624299570000012
0.9207231139999994
0.920881962000001
0.9618036620000012
0.8791432709999984
0.8785242030000013
0.9623329280000004
0.9622702370000003
0.920753092
0.8793610919999999
0.9619929139999996
0.9206009139999995
0.9205759279999999
0.8791839279999998
0.9627919280000015
0.962050928
0.9206895539999991
0.9201210369999995
0.9624294770000006
0.9210374770000005
0.7535861640000014
0.9617674709999999
0.9204517330000002
0.9205283079999997
0.9206642590000005
1.0042722589999986
0.7535202139999999
0.9619963699999996
0.9621618079999994
0.9622407280000012
0.9620277660000003
0.8706357659999995
0.9619618360000004
0.9624889729999992
0.920806936
0.9207558079999991
0.9208410679999997
0.9207195400000003
0.9208493440000005
0.8370179160000006
0.9206968260000004
0.9201484539999996
0.8786003349999998
0.9623332049999984
0.9203451329999996
0.920638176999999
0.9203734599999986
0.9201373540000013
0.920503655000001
0.9203971630000005
0.9205480109999993
0.9201897580000011
0.9621737919999998
0.9207817919999997
0.9207566830000005
0.7543646830000004
0.887972683000001
0.9715806829999991
0.8801886830000001
0.9620014469999987
0.9208115079999999
0.7538245809999999
0.962466340999999
0.9619766829999996
0.9205475140000008
0.9625558880000007
0.9623127499999988
0.9624143619999987
0.9206997070000007
0.962134957
0.920519410999999
0.961957408
0.9205654079999999
0.9205446570000007
0.9206890790000006
0.8792970789999988
0.9623833780000002
0.9209913780000001
0.879599378
0.9624233990000004
0.9210313990000003
0.9204074099999993
0.9205574599999995
0.9619682810000008
0.6455762810000003
0.9291842809999995
0.9620090470000005
0.9206499340000001
0.879257934
0.8788974419999995
0.7534853399999992
1.0120933399999998
0.9707013399999997
0.920683296
0.9204032560000002
0.9623110060000002
0.8649699900000005
0.9623418499999996
0.8790217680000012
0.9205229629999998
0.920327919
0.920881842
0.9206994980000012
0.9618117070000007
0.9205291659999997
0.8790506670000013
0.9205188769999992
0.8791379920000004
0.9627459920000003
0.8370390279999995
0.9203782759999992
0.8790216860000015
0.9621784889999994
0.9207161030000002
0.9208324880000003
0.920203506
0.9201611509999985
0.920351964
0.9207561070000008
0.8372974020000008
0.6424896069999999
0.9260976069999991
0.962511439
0.878766627000001
0.9620895479999998
0.9207288049999995
0.9204085849999988
0.7540165850000005
0.9206304809999999
0.9207834780000006
0.9204215819999995
0.9625034650000011
0.8787901480000002
0.9623981480000001
0.9208695490000007
0.9208379229999988
0.9204910920000007
0.961962934999999
0.9206579240000003
0.9202035940000002
0.9207720349999988
0.9202724129999993
0.8788963870000011
0.8792245160000007
0.9621452890000004
0.9204137770000003
0.9201550000000012
0.9623358929999988
0.6430729409999998
0.9266809410000008
0.9623350740000003
0.9204573619999987
0.9617691060000002
0.9208535490000003
0.8794615490000002
0.8790183529999993
0.754216271999999
0.9628242720000006
0.9201470929999989
0.920571164
0.9621931369999999
0.9208865579999994
0.8786928090000004
0.9202566090000008
0.9204424200000005
0.9202288249999988
0.9203000659999994
0.8653051010000006
0.9239131010000001
0.8790809490000004
0.9622892509999996
0.9204972859999998
0.9202357360000004
0.8373120139999983
0.9209200140000018
0.9201630059999992
0.9202295859999996
0.8790682330000017
0.9202872519999996
0.9204164209999988
0.9203655659999992
0.9202923579999975
0.878900358000001
0.9624431169999994
0.9210511170000011
0.9206724389999987
0.8792804390000022
0.9201094679999997
0.7537174679999996
0.9203015760000017
0.9205832990000005
0.9208698510000008
0.9202549609999977
0.9205689039999996
0.8784473239999979
0.9205171040000018
0.9203606180000001
0.920719837
0.7543278370000017
0.9206580119999987
0.9206831600000012
0.9625525360000005
0.9211605359999986
0.9208215629999987
0.962152488000001
0.920153814999999
0.9622181610000009
0.9208261610000008
0.9203890599999998
0.879140299000003
0.9203437339999994
0.8788720920000017
0.9623239599999991
0.9209319599999972
0.9208817419999988
0.920472292000003
0.920461189000001
0.920455583999999
0.9625605430000022
0.9211685430000003
0.7547765429999984
0.8883845430000008
0.9622465089999999
0.9208545090000015
0.9205598950000002
0.9619180790000001
0.8791565140000017
0.9621094960000001
0.7541087220000016
0.9202653329999997
0.9208287480000017
0.9208117160000029
0.920439708
0.9625178259999991
0.9620668709999975
0.9206748710000028
0.8792828710000009
0.962521031999998
0.9211290319999996
0.8784393860000002
0.9620473859999983
0.879053030999998
0.9626610309999997
0.9622490829999997
0.9203711659999989
0.9202946559999994
0.8792203369999996
0.9628283370000013
0.8789862409999998
0.9624016879999999
0.9205031200000029
0.7542276610000016
0.9201836760000006
0.9622361789999978
0.9208441789999995
0.9206462379999998
0.9623902579999992
0.8789054189999987
0.8784756750000007
0.7620836749999995
0.9706916749999976
0.9208257420000017
0.9208961680000023
0.9621531349999977
0.9207611349999993
0.9205530230000001
0.9624408899999999
0.9207087620000003
0.9624130380000011
0.9210210379999992
0.9201951299999998
0.9208135560000024
0.9625563669999977
0.9618705159999976
0.9623787310000012
0.9209867309999993
0.9619540559999997
0.920125076999998
0.8789982940000023
0.9626062940000004
0.8788641969999986
0.7540727179999998
0.9626807180000014
0.9206588270000005
0.9208623759999988
0.9624179699999971
0.9621517510000004
0.9621668749999976
0.9207748749999993
0.879382875000001
0.8787438210000005
0.7536702939999991
0.9622782940000008
0.9205640949999996
0.9207832269999976
0.9206812709999994
0.9206601180000007
0.9621227680000004
0.9203051389999999
0.9205681000000006
0.9621382129999994
0.9620696029999998
0.9206776029999979
0.9621305800000002
0.9202786439999997
0.9621761189999987
0.9207841190000003
0.962275763000001
0.8708837629999984
0.8371265709999989
0.9623687889999992
1.0036240309999975
0.9623650780000013
0.8790456290000002
0.9620023199999999
0.9203006950000017
0.9208476559999994
0.9203151710000022
0.9201427469999999
0.8375262259999978
0.921134226000003
0.9620990680000006
0.8790490330000011
0.9626570329999993
0.7541860309999997
0.9627940310000014
0.9205294940000002
0.9204183270000001
0.9207691209999993
0.9621451510000014
0.9622928000000002
0.9201317360000019
0.9621065539999982
0.9208268779999997
0.9620859439999982
0.9622105210000029
0.9208185210000011
0.9622672540000003
0.7539032400000032
0.9207939520000004
0.9619222839999999
0.9205302840000016
0.9625233619999989
0.879183728000001
0.9627917279999991
1.004088277000001
0.9203695889999999
1.0039775890000016
0.9208958070000008
0.9624544109999995
0.9210624110000012
0.920828280000002
0.8794362800000002
0.9630442799999983
0.962219546
0.9208275460000017
0.9201850389999997
0.7537930389999978
0.8874010390000002
0.962233095000002
0.9208568270000015
0.9201831630000008
0.9619618950000017
0.9620660480000005
0.9206740479999986
0.961995592000001
0.9206035919999991
0.9208355150000003
1.0041094850000007
0.7541829880000002
0.9627909879999983
0.921398988
0.9617716460000025
0.9207625899999989
0.9625604649999993
0.9211684650000009
0.9620823979999997
0.8652925730000014
0.9239005729999974
0.9203255739999996
1.0039335739999977
0.9204953099999997
0.9205114489999993
0.8791194490000009
0.9624457419999999
0.9210537420000016
0.8796617419999997
0.9621950559999988
0.9208030559999969
0.9206588539999991
0.8792668540000008
0.9201980540000001
0.8788334349999971
0.96241135
0.9210193500000017
0.9203524569999999
0.9206376570000003
0.9623983609999982
0.9210063609999999
0.9623365419999992
0.9209445420000009
0.754552541999999
0.9201194370000003
1.004008093000003
0.9623378919999972
0.9209458920000024
0.9620030550000003
0.920674218000002
0.7542822180000002
0.9628902179999983
0.9207802759999986
0.9617691260000001
0.962488479000001
0.9210964789999991
0.9620449200000003
0.9204317750000008
0.879039774999999
0.961945458999999
0.9205730029999977
0.9205101050000017
0.9206737240000002
0.8792817239999984
0.9628897240000001
0.9618059790000011
0.9204139789999992
0.9208008169999999
0.9201986039999994
0.9205411409999975
0.9617775200000018
0.9205647550000009
0.9203185669999989
0.9623500620000023
0.9209580620000004
0.7545660619999985
0.962372165999998
0.9209801659999997
0.9207268619999986
1.0042257929999998
0.7537645800000021
0.9623725800000003
0.9618211589999994
0.9208676920000016
0.9201596179999996
0.920348611999998
0.9622916920000009
0.9622455260000002
0.9623497199999989
0.920957719999997
0.9624269840000004
0.9210349839999985
0.9206673209999998
0.9620397560000029
0.920415067999997
0.8790230680000022
0.9626310680000003
0.9621801350000005
0.9207881349999987
0.9203277919999984
0.9622814060000024
0.9208894060000006
0.9201138550000003
0.8787218549999984
0.9623298550000001
0.7539941470000002
0.9207220199999995
1.0035169269999997
0.9206036550000007
0.9618453860000002
0.7538211050000001
0.8786880960000012
0.9622960959999993
0.920236494000001
1.003844493999999
0.9623897650000011
0.9625491219999986
0.9211571220000003
0.920416368999998
0.9202676079999996
0.961940159000001
0.9618542259999998
0.8704622259999972
0.962201548000003
0.9622100309999979
0.9208610989999997
1.0040908799999997
0.9207896009999992
0.8793976009999973
0.9630056010000025
0.9619489839999993
0.920556984000001
0.9201473440000001
0.8375279350000007
0.9211359350000023
0.9619425819999989
0.9205505819999971
0.8786483230000002
0.9621686300000007
0.920208284000001
0.9205154839999992
0.7541234840000008
0.8877314839999997
0.962150458
0.9207729130000004
0.9205975289999984
0.9622896189999999
0.9624247019999999
0.921032701999998
0.9203895499999994
0.9619437370000021
0.9205517370000003
0.7541597369999984
0.9208270980000002
0.9620339629999997
0.9623877920000012
0.9618941759999977
0.8705021760000022
0.9621690919999999
0.9623515570000016
0.9204976119999984
0.879105612
0.9627136119999982
0.9621840860000006
0.9207920860000023
0.8372872680000008
0.9208952679999989
0.9202561560000007
0.8788071459999998
0.8787251079999976
0.9623331080000028
0.879193604000001
0.9202387529999996
0.9202662060000009
0.8789192229999969
0.9201143330000008
0.8791083680000007
0.9624330679999993
0.921041068000001
0.9207738879999994
0.9201941640000015
0.9618214379999976
0.9204294380000029
0.754037438000001
0.8791087739999988
0.9620914009999986
0.9205549099999999
0.754162909999998
1.0034572620000013
0.9621956870000012
0.9622296639999988
0.9624930469999988
0.9622022060000006
0.9622283800000027
0.9208363800000008
0.9202058000000015
0.9620072409999985
0.9205240639999985
0.8791320640000002
0.9627400640000019
0.921348064
0.9208185059999998
0.8794265059999979
0.9625371540000032
0.9211451540000013
0.9208874869999981
0.9207448870000015
0.920856447000002
0.9207651880000007
0.8793731879999989
0.9622161680000012
0.9208241679999993
0.879432168000001
0.753664422
0.9623129980000016
0.9209209979999997
0.9206654239999992
0.7542734240000009
0.962881423999999
0.9203046139999991
0.9624742710000014
0.920233660000001
0.9625383719999974
0.9624359610000006
0.9210439610000023
0.9207793260000017
0.962096718999998
0.9202496320000009
0.9623579260000028
0.9620727230000021
0.9206807230000003
0.9203272290000015
0.920496147999998
1.0041041479999997
0.920604689000001
0.9204172749999984
0.9204863010000004
0.9203763879999975
0.9621189090000009
0.920726908999999
0.6426390079999997
0.9202120570000005
0.9617710769999981
0.9203790769999998
0.9201020399999997
0.8787623350000011
0.9623703349999992
0.7541059420000025
0.9621988090000002
0.9208068090000019
0.9206362820000003
0.9621090799999976
0.8791091810000005
0.9627171809999986
0.8647530110000012
0.9233610110000008
0.9621247349999997
0.9207375290000002
0.920251995000001
0.8788599949999991
0.9621275320000002
0.9207355319999984
0.9204761489999989
0.9624758900000003
0.9205165789999974
0.9619431370000022
0.9207960899999996
0.8794040899999978
0.9206654380000003
0.9202751450000015
0.9201222609999995
0.920389869000001
0.962545231
0.9211532309999981
0.8797612309999998
0.9623013060000005
0.9209093059999987
0.8795173060000003
0.9201663070000023
0.9202842659999995
0.9207052549999979
0.7543132550000031
0.9201739270000004
0.9206037180000024
0.9205805309999988
0.7538843710000016
0.9205619219999974
0.9625191080000022
0.9211271080000003
0.9202959270000015
0.9620687849999996
0.8792095830000015
0.9205390959999988
1.004147095999997
0.9202553869999974
0.96179652
0.8784658299999997
0.9620738300000014
0.8785397549999985
0.9624952770000021
0.879181753000001
1.004156824999999
0.9201137270000004
0.8787217270000021
0.9621656240000007
0.9207736239999988
0.9208973160000014
0.9624628659999992
0.9208662400000023
0.7544742400000004
0.8880822399999992
0.9716902400000009
0.9619509149999992
0.9205589150000009
0.9202111270000017
0.9624573000000005
0.8785883930000011
0.9617646079999993
0.7537692510000014
0.920264281999998
0.8788722819999997
0.9624266729999995
0.9210346730000012
0.8787795629999984
0.9623875630000001
0.9205906229999989
1.0041986230000006
0.9204969270000021
0.920516782
0.9620441729999989
0.8788012010000017
0.8788818169999999
0.962489816999998
0.9208882190000018
0.879496219
1.0131042189999988
0.9622926639999996
0.9209006640000013
0.9622926469999982
0.9209006469999999
0.9617915250000024
0.7535023820000006
0.8871103819999995
0.9707183820000012
0.9622221209999999
0.9206692479999994
0.9208020999999995
1.0044100999999976
0.9619307500000005
0.754125363
0.9627333629999981
0.9213413629999998
0.9203832950000006
0.9208658700000001
0.9207185310000021
0.9621097990000003
0.8787451550000007
0.9620711219999976
0.9208040480000008
0.9208312699999972
0.9619388690000008
0.8373190169999987
0.9209270170000003
0.962105471000001
0.8784638019999989
0.9620718020000005
0.920294805000001
1.0042232880000022
0.920542102999999
0.9203223299999976
0.9623257820000006
0.9209337819999988
0.7545417820000004
0.9622413440000024
0.9208493440000005
1.0041137839999976
0.9627217839999993
0.9622190320000001
0.961876353000001
0.9204843529999991
0.9202814009999969
0.9207679669999997
0.7543759670000014
0.8879839670000003
0.9715919669999984
0.9205891649999991
1.0035832720000002
0.9208202060000019
0.9622237270000014
0.9617703199999994
0.9203783199999975
0.9208375900000014
0.8371808899999991
0.9207888900000007
0.9624719130000017
0.8787085300000008
0.962316529999999
0.8785286729999982
1.0041312009999999
0.9201589930000011
0.9204203359999994
0.7541156929999993
0.9627236929999974
0.9206143219999987
0.962129087000001
0.9619701200000002
0.9205781199999983
0.9623366739999994
0.920553481999999
0.8646803040000002
1.0040918180000027
0.962009823999999
0.9618330949999994
0.8454410950000018
0.9290490949999999
0.920319033000002
0.8791120929999998
0.9619307020000001
0.920186907999998
0.9207119430000006
0.8793199429999987
0.9620118679999976
0.9206521990000027
0.9619197809999989
0.9208969259999975
0.8795049260000027
0.9631129260000009
0.9618203150000006
0.9204283149999988
0.9202516550000013
0.920625072
0.9204144350000014
0.7540224349999995
0.9201901600000006
0.9622413250000008
0.961798090000002
0.9624474449999987
0.9210554450000004
0.9624294999999989
0.754229328000001
0.9205907670000002
0.9623145270000002
0.9209225269999983
0.9623836210000007
0.9209916210000024
1.0040626259999996
0.9626706259999978
0.8962786260000009
0.9298866260000018
0.9201855690000009
0.9202679499999995
0.8788759499999976
0.9624839499999993
0.9620395510000002
0.9206475510000018
0.9203815689999999
0.9620887399999987
0.878992358999998
0.9621467130000028
0.9206343680000018
0.7535808360000011
1.0121888359999964
0.920796836000001
0.8794048360000026
0.9630128359999972
0.9619783589999962
0.9205863589999979
0.9205742179999987
0.9618618040000015
0.7535190199999988
0.8790634879999999
0.9626714880000016
0.9619914109999996
0.9201443659999988
1.0040742690000002
0.920837032999998
0.9622395620000042
0.962238223
0.9208462230000016
0.9624188679999968
0.9210268679999984
0.8796348680000037
0.9621486449999992
0.9207666210000021
0.8793746209999966
0.9629826209999983
0.9202508569999992
0.9201881610000022
1.0039387819999988
0.9208125500000008
0.754420549999999
0.9630285500000006
0.9201694610000004
0.9623918619999969
0.9625580100000022
0.9211660100000003
0.9202042280000029
1.0034728879999975
0.9204577300000025
0.7540657300000007
0.9203543960000005
0.9206851409999999
0.9625464259999958
0.9207125810000036
0.9618646650000002
0.9207321729999975
0.9208205270000036
0.962318947
0.9209269470000052
0.9205071479999987
0.9201102419999998
0.9624982949999961
0.9202133460000042
0.9201482519999971
0.920761081000002
1.004369081
0.9205110020000049
0.9623881280000006
0.920812288999997
0.9617812709999995
0.7534640579999987
0.9208298209999981
0.9625312379999968
0.9211392380000021
0.9208238309999999
0.9618033650000015
0.9623490389999958
0.8648322319999977
0.9234402320000044
0.9203806069999985
1.0041535439999976
0.9208048249999976
0.9201684149999991
0.9204884530000044
0.9206200719999984
0.9202646800000025
0.8790597810000023
0.9626677810000004
0.9620416859999992
0.9206496859999973
0.9206607429999991
0.9624515009999968
0.921059501000002
0.9207792940000061
0.9624434219999998
0.9210514219999979
0.9206008829999988
0.9201926250000056
1.0039122899999953
0.7541770289999974
0.920515838
0.9623269800000003
0.9209349799999984
0.9622594670000026
0.9208674669999937
0.9205192980000021
1.0035919890000002
0.9201221060000009
0.920552690000001
0.9204053799999983
0.9624354269999955
0.8788097950000022
0.7624177950000046
0.9625098109999968
0.9204342639999936
0.920398990999999
1.0040095860000022
0.9620490490000009
0.878552741
0.9622682780000034
0.961878163999998
0.920564179000003
0.9206501130000007
0.9624415729999996
0.9621128069999969
0.9623209949999989
0.9209289950000041
0.9619984039999991
0.8652208279999982
0.9620245450000056
0.8788228920000023
0.9624308920000004
0.962421495000001
0.920450295000002
0.8790582950000001
0.9618043729999997
0.920872260000003
0.8788609489999999
0.9625507350000007
0.9622828930000011
0.9208908929999993
0.920124272999999
0.753847969000006
0.9205344140000022
0.9621400939999987
0.9208103579999971
0.9621700679999989
0.9207884500000034
0.9625027390000014
0.9206154170000005
0.9206367110000002
0.8792447110000055
0.9628527109999965
0.9203894909999946
0.9206310699999989
1.0042390700000041
0.920623894000002
0.962203848999998
0.9623922520000008
0.8710002520000018
0.9618202569999994
1.0041310599999989
0.962739059999997
0.9201360419999958
0.9622124820000053
0.9208204819999963
0.8794284820000016
0.9619066030000027
0.9207038850000018
0.878895380000003
0.9624254959999945
0.7536162880000035
0.9622242880000016
0.9208322879999997
0.9201991280000001
0.9617840120000025
0.9208303690000008
0.962058503999998
0.8787810050000004
0.9618045340000023
0.9206559510000005
0.920187048999999
0.9619549020000022
0.9208408800000001
0.8789079499999986
0.9618377559999942
0.9206109380000029
0.9202057670000059
1.003813766999997
0.9204028679999965
0.7540108680000017
0.920262024000003
0.9621779989999979
0.9625552810000002
0.8652975530000049
0.9623771719999965
1.0036241090000004
0.8790504769999998
1.0034606560000014
0.9618076250000058
0.9207146050000006
0.9205848759999995
0.9203818570000024
0.9206030409999997
0.9206048869999961
0.9204836520000015
0.9200975449999973
0.9205241860000015
0.8792215960000007
0.9628295959999988
0.8786161370000016
0.9619498329999985
0.9204740690000008
0.9202263500000001
0.9618446449999993
0.9622144920000011
0.9208224919999992
0.9622265180000014
0.9206682849999979
0.9619280970000048
0.8791663089999986
0.762774309000001
0.8785337830000017
0.9621417829999999
0.9208688709999961
0.7544768710000014
1.0130848709999967
0.9623128149999971
0.9618971069999986
0.9622685900000008
0.9619407309999986
0.9623686070000019
0.9209766070000001
0.9201249019999977
0.9618531300000015
0.9205727820000007
0.962135828000001
0.9207438279999991
0.9201996339999994
0.9617764190000031
0.8453844190000055
0.9289924189999965
0.8785146589999968
0.962122659000002
0.9205141209999965
1.0041221210000018
0.9203381749999977
0.6428260649999942
0.9264340650000022
0.9623105100000018
0.9621689389999943
0.9620989240000029
0.920706924000001
0.7543149239999991
1.0129229240000015
0.9715309239999996
0.9301389239999978
0.9202519050000006
0.9206684809999999
0.9617659190000012
0.9203739189999993
0.8645701490000022
0.9625079750000012
0.9211159749999993
0.9201532729999968
0.9617971049999952
0.9204051050000004
0.8790131050000056
0.9622725540000019
0.920880554
0.8794885539999981
0.9623748550000002
0.9209828549999983
0.8795908549999965
0.9618626260000056
0.9204706259999966
0.9206127469999998
0.9204258600000017
0.9201275830000029
0.9208358359999949
0.8794438360000001
0.9624974649999984
0.9211054650000037
0.9206981489999961
0.9618804990000029
0.6454884990000025
0.8789132810000027
0.9625212810000008
0.8788411059999959
0.9624491060000011
0.9623667350000034
0.9204065779999979
0.7540145780000032
0.8876225779999984
0.9621944929999984
0.9208024930000036
0.962006645999999
0.9201934069999993
1.0038181870000003
0.9205746089999991
0.9207203610000008
0.9208042619999972
0.8794122620000024
0.9625386109999994
0.9211466109999975
0.8789516360000036
0.9618262950000016
0.9620705150000006
0.9206785150000059
0.9205568049999968
0.9621007649999953
0.9207818100000011
0.9620882879999968
0.9208302310000036
0.7540279400000003
0.9205826259999981
0.9622047869999975
0.9208091920000001
0.9624083650000017
0.9204243119999944
0.9204196310000015
0.879188139
1.0037186950000034
0.8785655559999981
0.9207740460000053
0.7538804400000032
0.9202974509999962
0.8789591110000003
0.9620282329999981
0.9207240790000029
0.9203030529999978
0.9621243059999998
0.9203645680000037
0.8789725679999947
0.9619443310000051
0.9205523309999961
0.9203399590000032
0.9208910920000051
0.9625430640000019
0.9204131619999956
0.9623974479999973
0.9622172300000003
0.9208252300000055
0.9619217360000007
0.7534633459999966
0.9206958560000018
0.9207829320000016
1.0038167939999951
0.9206077140000062
0.9619944929999988
0.9619376269999975
0.8455456269999999
0.9623214709999957
0.9209294710000009
0.8785364549999954
0.9622789440000048
0.9208123949999987
0.7544203950000039
0.9202709580000032
0.9207315660000006
0.9206391409999952
0.9201372859999992
0.9622979310000019
0.9619555800000015
0.9205635799999996
0.8791715799999977
0.9624281289999956
0.9210361290000009
0.9203650479999936
0.9624071930000042
0.9210151929999952
0.878789992999998
0.9623979930000033
0.9624849449999999
0.7537257030000006
0.9204044059999958
1.003884761000002
0.9620166170000033
0.9206348989999995
0.9620089249999992
0.9625269979999942
0.9208930100000003
1.0038492179999992
0.9201073139999991
0.962153451000006
0.9208024019999996
0.9205925730000004
0.7542005730000056
0.9208223750000002
0.9201760270000037
0.9204268059999947
0.9207099580000033
0.9622308490000009
0.9621334260000012
0.9207414259999993
0.9206198919999977
0.879227892000003
0.9628358920000011
0.9618517460000007
0.9204630839999979
0.9206463109999987
0.9621194610000003
0.7538493529999997
0.9624573530000049
0.9620404059999998
0.920648405999998
0.9619670720000002
0.920553022
1.0040141449999993
0.9626221450000045
0.9620850439999984
0.920713413999998
0.9625115750000006
0.9211195750000059
0.9207233939999995
0.9621010259999991
0.8788287929999967
0.962436793000002
0.8787924059999952
0.9624004060000004
0.7539515420000029
0.9203152850000009
1.0039817690000064
0.9203080839999984
0.9201737149999971
0.962495165
0.9617885409999971
0.9202096200000014
0.9623629399999984
0.9625374949999994
0.9211454949999975
0.9619286909999971
0.753733253
0.9207867970000052
0.9622864720000024
0.9208228779999956
0.9625081539999982
0.9625375620000014
0.9621452330000011
0.9207532329999992
1.0043612330000045
0.9203474940000049
0.9625639200000009
0.9624287560000013
0.9210367559999995
0.9205881509999969
0.9208310500000039
1.004439049999995
0.9203392529999945
0.7539978020000007
0.9626058020000059
0.8788905380000003
0.9620958439999967
0.9206399279999999
1.003611859000003
0.9206335869999975
0.9618763579999978
0.9204325270000027
0.9623972330000043
0.7536854109999993
0.9207040610000021
0.9624434219999998
0.9622638849999987
0.96211117
0.9620932000000053
0.8787935770000033
0.9624015769999943
0.8710095770000024
1.0037219899999954
0.9207333109999993
0.920762830000001
0.9201649649999979
0.9207332309999998
0.9208297220000006
0.8794377219999987
0.9630457220000039
0.9620141819999972
0.9206221820000025
0.9206196319999975
0.8792276320000028
0.9628356320000009
0.9624291249999999
0.921037124999998
0.9203556709999958
0.9620889970000022
0.9206969970000003
0.9201585839999993
0.9207464160000001
0.7543544159999982
0.9629624160000034
0.9215704159999945
0.9205531429999994
0.962468893999997
0.9203493980000061
0.9208823429999953
1.0035269950000014
0.7621349950000038
0.9623073879999993
0.9620037550000049
0.9618125870000043
0.9204205869999953
0.9623263439999974
0.9624780839999971
0.9201270749999964
0.9624756310000038
0.9202591459999994
0.962326363999999
0.9202829030000004
0.962496587000004
0.9205522190000011
0.9621097120000002
0.9207177119999983
0.878806358999995
0.9618254550000032
0.9621223780000037
0.9207303780000018
0.9204715600000029
0.920442598000001
0.9622009429999991
0.7540460589999967
0.920130719999996
0.9619873099999978
0.920776453000002
0.9620141589999989
0.9205995569999956
0.9618937150000022
0.7540087300000025
0.8785345510000013
0.9624281299999993
0.9620096120000028
0.9207613129999999
0.9617719559999998
0.9619436170000029
0.9624019320000059
0.9210099319999969
0.9618552479999991
0.9621642950000009
0.9620170610000045
0.9623043930000037
0.9623498650000002
0.9623627729999953
0.9619592789999984
0.962400559999999
0.9210085599999971
0.9624242280000033
0.9210322280000014
0.9202252170000023
0.9619440210000008
0.8787818599999966
0.9624131950000034
0.754058354999998
0.9626663549999961
0.9212743550000013
0.9625394450000044
0.9211474449999955
0.9619943130000053
0.9622416690000009
0.7539998339999983
0.9626078340000035
0.9212158340000016
0.8798238339999997
0.9619623269999948
0.9208285699999976
0.9203670650000007
0.9621419440000025
0.9622331919999993
0.9208411920000046
0.8652971059999999
1.0035082039999992
0.962486252000005
0.9206183590000023
1.0040485970000006
0.9617772090000045
0.9623558880000047
0.9621452539999993
0.9623308649999984
0.8790840009999954
0.9626920010000006
0.9623252750000049
0.9624587480000031
0.9210667480000012
0.8796747479999993
0.9620099420000017
0.9206179419999998
0.8792259419999979
0.9622402539999939
0.9208482539999991
0.879093619999999
0.9623346970000028
0.7534468260000011
0.9208663570000013
0.9201649029999999
1.0038065680000017
0.9206915230000021
0.9204443010000034
0.9204606909999953
0.962101300999997
0.9205121720000022
0.7541201720000004
0.920835744999998
0.9622968210000025
0.9205854819999999
1.0036634359999965
0.9622714360000018
0.8708794360000027
1.0036766440000022
0.9622846440000004
0.920699299000006
0.9620481760000033
0.9624715909999964
0.9619015110000007
0.9205095109999988
0.9618525260000013
0.9207707600000035
0.8793787600000016
0.9204478639999962
0.8787208709999987
0.9621856389999976
0.9207936390000029
0.9208948729999946
0.920250492000001
0.9204668409999996
0.9201624430000024
0.920844682000002
0.8794526820000002
0.8787413729999969
0.9624804749999996
0.9208299679999996
0.7544379679999977
0.9201145830000002
0.9207683799999984
0.9618075269999977
0.920415527000003
0.8784423799999956
0.762050379999998
0.9706583800000033
0.9204685090000027
1.0040765090000008
0.9622728390000006
0.9620598900000061
0.9619371419999965
0.9621974000000009
0.9620256680000026
0.8706336680000035
0.9623339630000061
0.962070826999998
0.8785330709999997
0.9208257989999993
1.004042865999999
0.8876508660000013
0.9212588659999952
0.9203528959999971
0.9204670750000048
0.9208884479999995
0.8794964479999976
0.8788241920000033
0.8789442839999992
0.9625522839999974
0.8786495180000031
0.8789878110000018
0.9205081079999999
0.9201872320000035
0.9207581269999991
0.9205177159999991
0.7541257159999972
0.9627337160000025
0.9213417160000006
0.8799497159999987
0.9620645339999996
0.9206725340000048
0.9202620339999967
0.9623604229999998
0.7540826719999956
0.9626906720000008
0.9212986719999989
0.9206339839999984
1.0038570359999994
0.9620025689999991
0.9624157710000034
0.9621049729999953
1.0043209730000058
2.0
