0.295257202
0.33746107999999997
0.336753187
0.3790942
0.33706594
0.37890478400000005
0.642539619
0.37867517300000003
0.420100813
0.379114667
0.42044850899999997
0.7540485090000001
0.420399576
0.420732855
0.42068685299999997
0.864493822
0.423101822
0.42037677800000006
0.4620528840000001
0.4624683809999999
0.975872166
0.462143259
0.4619547879999999
0.46221173699999984
1.08696
0.503919375
0.4625273750000001
0.46180532100000005
0.4623700610000001
0.50345654
0.46195060900000007
0.503957808
0.5036559009999999
0.503425086
0.5035434350000001
0.503693062
0.503923203
1.086822529
0.503869374
0.5456282350000001
0.504236235
0.5038695689999999
1.087469569
0.503476925
0.5036830880000001
0.5457707380000001
0.545581522
0.503986533
0.545283623
1.08696519
0.5456880510000002
0.5452120039999999
1.086939797
0.5455477969999998
0.5451028390000001
0.545456843
0.5873948620000002
0.5460028619999999
0.5457935170000001
0.545665421
1.0872600149999998
0.5452427059999998
0.5873155689999998
0.5454559999999999
0.586742696
0.5452998259999999
0.5456287090000003
0.5870851300000002
0.5452914170000001
0.5868016659999999
0.5870077899999999
0.5456157900000003
0.5874706919999997
1.0872582139999998
0.595866214
0.586893372
0.586947114
0.5871241269999996
0.5452721780000003
0.6288801779999997
0.545243438
1.087134607
0.595742607
0.5543506069999999
0.5450982999999998
0.586825841
1.095425841
0.5451046820000003
0.5875105650000001
1.0873216810000002
0.58748515
0.587302652
0.5459106519999999
0.586854523
0.5868736279999998
0.5872731299999998
0.5458811300000002
1.08750298
0.5453618389999999
0.5872187580000001
0.545826758
0.5872804239999998
0.5872465890000003
0.587086105
0.587502556
0.5869620440000003
0.5868559289999999
0.545807929
0.5872195900000001
0.5868373040000003
1.0954373040000003
0.5452552559999999
0.5867450160000001
0.5453066990000002
0.5870074089999999
0.5453657089999999
0.5869439310000004
0.5870391129999999
1.0874885189999999
0.5460965190000002
0.5869775260000001
1.0874192110000003
0.5868460299999998
0.5870920489999998
0.5872719310000001
1.086826324
0.5869796589999998
0.5868251800000004
0.5872637730000001
0.5458717729999996
0.5869685020000004
0.5871988409999997
0.586820275
0.5869410209999995
1.0955410209999998
0.586744946
0.5453003230000002
0.6289083230000001
0.6285108990000001
0.587118899
0.6284398279999994
0.6290450160000001
0.587653016
0.5453448759999997
0.6289528759999996
1.0874344169999999
0.5870280360000004
0.5868116460000001
0.5456604819999997
0.6288821410000001
0.5870491720000004
0.5871820569999997
0.5874331789999996
0.586913988
0.5868728380000006
1.0869305569999996
0.5874864009999996
0.5874377600000003
0.5867912549999996
1.095391255
0.5870600860000001
0.545668086
1.0872952699999994
0.587250096
0.5871403610000003
0.5870672839999997
0.5456752840000005
0.5871715169999998
0.5874820310000004
0.587341951
1.0873772210000006
0.5959852210000003
0.5875151929999998
0.5871803
0.5867533699999994
0.6285646009999999
0.5874772040000007
0.5870249129999996
0.5874886079999992
0.5875003869999995
0.545475777
0.5870580219999999
1.087231042
0.5871689350000002
0.5869192429999996
0.628983098
0.5875910979999999
0.5456863620000005
0.6285323099999998
0.5871857299999999
0.5457937299999998
1.0871765720000006
0.9756137389999999
0.5870631240000002
0.5867860900000004
0.5451114989999999
0.5868677389999997
0.587229282
1.0872517570000007
0.5458597569999997
0.6289659220000008
0.5870312320000002
0.5871453290000002
0.5874715330000004
0.5873032629999999
0.5462632630000002
1.0871901919999996
0.5871321050000002
0.5872404680000001
0.5869936719999993
0.5870807129999998
0.6289159849999999
0.6286207260000003
0.5873565020000004
0.587245405
0.5869465830000005
0.587055178
0.5871202269999998
0.5868551260000006
1.095455126
0.5868682070000002
0.5457889140000001
0.629232623
0.5871913310000005
0.9756813580000001
0.6284787139999999
0.587229496
0.5873013289999998
0.5873425750000001
1.08674334
0.5872096940000002
0.5867925610000002
0.5869479040000005
1.0871089339999997
0.5957249339999997
0.5875240929999999
0.629177834
0.5877938340000002
0.5872116350000001
0.5873875160000006
0.5874569109999994
0.5869209529999999
0.586801575
1.0954095749999997
0.5875333810000001
0.5874180770000006
0.5872387860000003
0.6288215429999999
0.587505964
0.587487103
0.5870781369999998
0.5875861710000008
0.5874650600000004
0.5869457180000008
1.0870921980000006
0.5458224399999994
0.586941038
0.5868309979999999
0.5872024360000001
0.5874956129999998
1.086924293
0.6289193580000001
0.5875353580000002
0.5868297760000001
1.0869870110000006
0.5956030110000006
0.5875786839999995
0.5871756189999999
0.545535651999999
0.6291379549999991
0.5456735330000004
0.5869751340000011
1.0871655019999995
0.5873352719999989
0.5869887089999999
0.5451521199999991
0.6291622310000005
0.5869363659999998
0.5870624410000005
1.0956704410000002
0.5870417979999996
0.5456652679999987
0.6285209970000007
0.586852502000001
0.5868386040000004
0.5458730449999987
0.6289206699999994
0.5868426910000011
0.5872970009999996
0.5871541469999997
0.5875503029999987
1.0872615799999998
0.5875731430000002
0.6284844869999997
0.587100486999999
0.5868085040000004
0.6287949000000008
1.0869375439999995
0.5955535439999995
0.545911555
0.5872228230000012
1.0874656530000006
0.5960816530000006
0.5869700939999998
0.5869789309999991
0.5872613019999999
0.5868776589999989
0.587009716999999
1.0870160000000002
0.5956320000000002
0.5871521000000008
0.6289301819999995
0.5875461819999988
0.5870074499999998
1.0873670870000005
0.5959830870000005
0.5873762490000001
0.586909103
0.6288731700000003
0.5874891699999996
0.5452594300000015
0.6285821709999997
0.587089197000001
0.5868792509999992
0.5456379990000002
0.6292539989999995
0.5872194840000002
0.5869764199999992
1.0955844199999998
0.5871077529999997
0.587411243
0.5451266709999985
0.6287646410000001
0.5872889060000013
0.5870920280000007
1.0957000279999995
0.5458439569999989
0.5868829959999999
1.0868701079999994
0.5455804299999993
0.5869136959999999
0.5871861379999999
0.5868016950000001
0.5869847420000003
0.5874055889999994
0.6292208620000004
1.0878288620000003
0.5964448620000002
0.5871726989999999
0.5452358190000002
1.0873947269999995
0.6289796180000007
0.5873002029999999
0.5870405820000002
0.6290857259999996
0.628468067
0.5872084990000008
0.6289847330000011
0.5876007330000004
0.6285044859999989
0.5871204859999999
0.5872201619999995
1.0875489909999985
0.6288144609999993
0.5874304610000003
0.5454648889999998
0.628892166
0.5873204959999985
0.5875713230000006
0.5869795920000005
0.5871694610000002
1.0874863099999992
0.5872709470000004
0.5871763340000005
0.5869870499999994
1.09559505
0.5872371419999993
0.5871613250000003
0.586925742
0.586821840999999
0.5868862759999995
0.587040227000001
0.545850669
1.0868246999999993
0.5872928089999991
0.5873474439999988
1.0872332520000008
0.6291063120000011
0.5877223120000004
0.5869934399999988
0.6287441769999997
0.5871273299999995
0.6291888930000002
0.587487123999999
0.6288210549999995
0.5458811570000002
0.6284585539999998
0.545657717000001
0.5875853230000008
1.0873100440000005
0.587531147
0.5872545749999993
0.629182642
0.587798642000001
0.5871043090000008
0.5457199980000009
0.5457827329999994
0.5874776340000007
1.08717824
0.587420504999999
0.58757591
0.5869016270000014
1.0955096270000002
0.5871665490000009
0.6291719120000003
0.5877879120000014
0.5869259929999995
0.5873568910000007
0.5875317429999996
1.0870886080000002
0.5957046080000001
0.5874659700000002
1.0872876579999993
0.5959036579999992
0.5871765709999988
0.5870323580000001
0.5868303390000005
0.6291206240000005
0.6287029119999996
0.6290804479999998
0.5873569280000002
0.6289609029999994
0.5875769030000004
0.5868815359999999
0.5874437589999992
0.5870169139999994
1.095624914
0.5874051940000005
0.586906548
0.6289090900000005
0.5457135540000007
0.6287415949999993
0.5874534770000004
0.5868117030000004
1.0868036620000012
0.5954196620000012
1.0875486290000005
0.5867914709999997
0.587380593999999
0.5871423999999994
0.5872189750000008
0.5873549259999997
0.5871858079999992
0.6286870360000005
0.587264728000001
0.6286101640000012
0.5869858360000002
1.095593835999999
0.5542098360000001
1.086870458
0.5868775470000003
0.5870254979999991
0.5874464750000001
0.6291642690000003
0.5874102069999996
0.629198401
0.5456905390000006
0.5868391210000006
0.5870419160000004
0.5455120000000004
0.6286243349999996
0.587328844
1.0870277660000003
0.5956437660000002
0.5868280210000005
0.5871943210000001
0.5872386770000002
0.9764049000000004
0.6288644590000008
0.587480459
0.5868287670000001
0.5457806830000003
0.5870254470000003
1.095633446999999
0.587226574999999
0.5868028469999995
0.5875021740000008
0.5874903410000005
0.5870006830000012
0.5874271479999997
0.5456700829999992
0.6292465539999998
1.08706383
0.5956798299999999
0.5871819150000004
1.0868564240000005
0.6288256239999992
0.5874416239999984
0.5460576240000012
0.5871595789999997
0.5872353239999999
0.5873797459999999
0.5869761679999996
0.5868558719999992
0.5874473989999984
0.5873824890000012
0.5454314099999991
0.6288223689999999
1.0874303689999998
0.5869922809999988
0.5872481270000005
0.5870330470000003
0.6287698200000005
1.0873778200000004
0.5873406009999993
0.5459566010000003
0.5872547749999999
0.5873739629999992
0.587335006
1.0959430060000006
0.5870939230000012
0.5873658499999994
0.5869851869999998
0.5868426729999996
0.5872162129999996
0.5873791009999998
0.5872136300000008
0.6286852530000004
0.5873012529999997
1.0870834759999983
0.5956994759999983
0.5543154759999993
1.0874476219999991
0.5872095430000019
0.5874079999999999
0.6291619919999984
0.5877779919999995
0.5870630279999993
0.5873790189999983
0.6290734369999988
0.5876894369999999
0.5451851509999983
0.6285608389999986
0.5870426309999992
0.5874467730000017
1.0960547730000005
0.5875354389999998
0.5461514389999991
1.0871958329999991
0.629043621000001
0.5876596210000002
0.6287906269999972
0.5873211470000008
0.5874741440000015
1.0871784890000011
0.5458607979999996
0.5871122490000005
0.5870997740000021
0.5869580509999999
0.5455740510000027
0.5871474809999988
0.587560216
0.5869869349999988
0.9762843600000011
0.6349003599999996
0.5935163600000024
0.5868942610000012
0.5874627019999998
1.0870752520000018
0.5956912520000017
0.5872537199999996
0.5454377770000001
0.6292485160000005
0.5873598930000021
0.5455520000000007
0.6290257409999995
0.5867931060000018
0.587148028999998
0.6292108820000024
0.5878268820000017
0.5874839890000025
1.087324589999998
0.5959405899999979
0.5872171369999997
1.0869390800000005
0.5955550800000005
0.5875772250000004
0.5452806089999989
0.6292080519999992
0.587050142999999
1.0868216669999988
0.5954376669999988
0.5869194919999998
0.5869907330000004
0.5873320210000017
0.5873132510000012
0.5875513229999996
0.5874382820000008
0.545259736000002
0.628854619000002
1.087462619
0.587019570999999
0.5868536730000002
0.5873360139999981
0.628586919
1.0875496049999995
0.5869779189999988
0.5871070879999998
0.5869830249999985
0.5874671169999992
0.5875215330000003
0.6290297730000027
0.587645773000002
0.5875712929999999
0.586992243000001
0.5872739659999979
0.5875605180000001
0.9762904550000009
0.5869456279999987
0.6289262370000017
0.587542237000001
0.5868046570000018
0.5870512849999976
1.0870322330000022
0.545909868999999
0.6295258689999983
1.0869884479999996
0.5956044479999996
0.5871989599999985
0.5871764880000008
0.5875122290000014
0.587430530999999
0.5872421610000025
0.5871785450000004
0.6285111489999977
0.5870344010000004
0.6287463940000002
1.087354394000002
0.5873479599999989
0.5457100829999995
0.6288960920000015
1.0873246780000017
0.5959406780000016
0.5871629580000004
0.587151856000002
0.6288129180000013
0.5874289180000005
0.6287854350000011
0.587513726000001
0.6286087460000012
0.5872505620000013
0.5871334959999999
0.5869587359999997
1.0874736330000019
0.5960896330000018
0.5869560000000007
0.5875194139999991
0.5875418259999989
0.587130375000001
0.5874660560000002
0.5869729059999997
1.0955809059999986
1.087332098000001
0.5959480980000009
0.5875225379999982
0.587363449999998
0.5870367590000001
0.5869689389999984
0.5872730829999995
0.5867967189999987
0.5874103640000001
0.5870618329999999
0.5875811280000001
0.5869853229999968
1.0955933229999992
0.5874256879999997
1.0870668709999975
0.6292443370000029
0.5878603370000022
0.5868743430000016
0.6289268459999988
0.6287861790000022
0.5874650089999989
0.6292516610000014
0.5878676610000007
0.6284996750000005
0.5875164089999991
0.5875868349999998
0.6288438010000021
0.5874800059999998
0.628725450000001
0.587243689000001
0.6291315570000009
1.087739556999999
0.9762791469999996
0.5873994280000012
0.5452191300000031
0.587580367000001
1.087312905000001
0.595928905000001
0.5868945159999974
0.587402731000001
0.5869780559999995
0.5868876439999973
0.5868000540000011
0.5868773139999988
0.6284824110000002
0.587355628000001
0.5872215300000008
0.5873494930000014
1.0874130379999976
0.5960290380000011
0.5875530419999997
1.086995139999999
0.595611139999999
0.5874300510000019
0.6288394119999978
0.6291417260000003
0.5877577260000031
0.6291405609999998
0.5877565609999991
0.6288134340000013
0.5874294340000006
0.5460454339999998
0.5870276270000012
0.5871622129999992
0.9760557640000016
0.5872587670000016
0.58715458
0.6287602690000007
0.6288416569999988
0.5874576570000016
1.0868416270000019
0.5954576270000018
0.5869813639999997
1.0955893639999985
0.5873927890000026
0.5873890779999975
0.5875489919999985
0.5870263199999997
0.5457362959999976
0.5871505710000022
0.5458716560000028
0.5869913619999991
0.9760650079999991
0.5870058369999995
0.5868334130000008
0.5871230679999968
0.5875204730000014
1.0873410459999988
0.5959570459999988
0.5875502260000012
0.5872201600000011
0.6290730329999974
0.5874597870000002
0.6289834659999975
0.5875433639999983
0.5461593639999975
0.5454432770000004
0.6287972209999992
0.5875175440000007
0.5872345209999992
0.6289579210000014
1.0875659209999995
0.5961819209999994
0.5874846190000014
0.9759738830000018
0.5457789439999985
0.6287660459999991
0.587337698999999
0.5871099330000007
1.0957179329999995
0.5872605730000018
0.5875410609999996
0.5042531409999995
0.5878691410000023
0.5457286570000015
0.6291450770000004
0.5869738750000018
0.6291856140000007
1.0877936139999989
0.5964096139999988
0.5869361009999992
0.5455904290000007
0.6290039800000002
1.087611980000002
0.5869184650000001
0.5875474929999989
0.6286525620000027
0.587268562000002
0.5871957730000013
0.5870195920000008
0.545232361
0.5874668189999994
0.5875261820000013
0.5868251030000025
0.9757405949999978
0.5867956460000023
0.5870375609999989
0.5459205929999982
0.6292511320000003
0.5871063979999995
0.587125829999998
0.5873786530000018
1.0868498289999984
0.5954658289999983
1.086996296999999
0.5456122970000017
0.5875387950000004
0.5458030749999985
0.5872021160000003
0.5456835509999998
0.5868415220000003
0.5872190559999986
0.5869292280000025
0.5452220539999999
0.6286859790000001
1.0874292570000001
0.5872172079999984
0.5874353499999998
0.5871907689999993
1.0957987690000017
0.5874495050000021
0.5874223610000016
0.6287097899999985
0.6289949899999989
0.5456987600000005
0.5871617970000003
0.5868101030000012
0.5873618920000006
0.5870270550000001
0.5452136229999986
0.6284760300000016
1.0873255210000004
0.5873648850000031
0.5875616840000006
0.6291376100000008
0.58775361
0.9760190400000006
0.6287355860000012
0.5873942210000003
0.5871224419999983
0.5869694590000023
1.0955774590000011
0.5870252769999986
0.5872636689999986
0.545920130999999
0.6288674380000003
0.5873643910000013
0.5868299789999973
0.5874341469999997
0.5869671590000003
0.6291581509999986
1.0877661510000003
0.5963821510000002
0.5872318069999984
1.0871832409999982
0.5957992409999981
0.5870092339999999
0.5868292189999984
0.5873961660000013
0.6292497929999996
0.5878657929999989
0.5455119999999987
0.6285420819999992
0.5873912130000001
0.5451836180000029
0.6292250250000002
0.5873156920000007
1.0868652710000006
0.5954812710000006
0.587269526
1.0872314220000021
0.6287885799999984
0.5874509840000002
0.5453970890000015
0.629025857000002
0.5873579880000008
0.5459739880000001
1.0870442740000001
0.5871057350000015
0.5457217350000008
0.5453425519999975
0.5870049389999998
0.545638739000001
0.5870184590000029
0.5874530259999986
0.5868045209999977
0.6286394950000016
0.5870140470000003
1.0956220470000027
0.5874126870000005
1.0870253889999972
0.5956413889999972
0.5872422159999999
0.5869568019999996
0.5873514800000024
0.5869271599999983
0.5874137650000009
0.5463817649999996
0.5455117719999976
0.5870952900000006
0.5871070350000025
0.6286308249999983
0.5872468249999976
1.0868502599999985
0.5954662599999985
0.5872255480000028
0.5872340309999977
1.0868453860000002
0.5954613860000002
0.6292184319999983
0.5878344319999975
1.087021429
0.5035046770000022
0.6371206770000022
0.5957366770000014
0.5452999159999976
0.6289159160000004
0.5869272479999985
0.5869242710000009
0.5871926300000005
0.5875519349999969
0.586898951000002
0.628672323
0.6288728179999978
1.0874808179999995
0.5960968179999995
0.5874635800000014
1.0870403480000022
0.5872881959999994
0.5874487019999997
0.5464167020000019
0.5869040579999982
0.5454135499999992
0.5869657609999983
0.5870579629999995
0.5875177639999976
0.587411792000001
0.6285848429999987
0.5872008430000015
0.5873755569999979
1.087150458
0.5957664579999999
0.5870853599999997
1.0872896189999999
0.6292272079999996
0.5878432079999989
0.5868105519999993
0.5456806670000027
0.5453048240000022
0.5869468229999981
1.0955548230000005
0.587311267999997
0.5871644790000019
0.5870824409999997
0.6285960860000017
0.5875509379999997
0.5869568730000019
0.5872765569999991
0.6284716659999994
0.5874657009999993
0.6291237350000003
1.087731735000002
0.5874645550000004
1.0873428609999998
0.5459588610000026
0.5868848299999989
0.5455008299999982
0.5868145949999999
0.5874661069999974
0.587219687000001
0.5872536639999986
0.5868521009999981
0.5875170469999986
0.5872262060000004
0.5872523800000025
0.5871371329999988
0.5872487580000012
0.5870312410000018
1.0956392410000007
0.5868964659999989
1.0868214380000012
0.5954374380000012
0.5458425059999996
0.6290864009999986
0.5875611539999994
0.5869469969999983
1.0955549970000007
0.5868780450000024
0.6292448200000003
0.5878608199999995
0.6292137800000006
0.5878297799999999
0.5874236679999996
0.6289068340000021
0.5875228340000014
0.5874779839999995
0.6290036650000026
1.0871907309999997
0.6287073599999999
0.5873560910000002
1.0869600590000026
0.58699528
0.5870217550000021
0.5875623720000007
0.6285909940000032
0.5872267519999994
0.5872734599999987
0.5871207189999978
0.587469991999999
0.587381925999999
0.9762284819999998
0.5869402989999983
0.5870967230000019
0.5872136609999998
0.5871363580000022
0.587017895999999
0.587186814999999
1.0874742710000014
0.5871079409999993
0.6288436349999991
0.5874596349999983
0.5870448229999994
1.0956528229999982
0.5867950770000014
0.5869027230000015
0.5869701149999997
0.6290107419999984
0.5876267419999976
0.5871196679999997
0.6288894760000012
0.545660282
0.587133080000001
0.5867945530000007
0.5871074520000015
1.0957154520000003
0.5874632750000011
1.0871189089999973
0.6291331810000003
0.5877491809999995
0.5869992330000002
0.6290948630000024
0.5877108630000016
0.6286035860000005
0.5873683219999997
0.5874998900000001
0.5871668159999999
0.5869671369999985
1.0955751370000009
0.587207246000002
0.5874867569999971
0.5873561050000013
0.5875621540000004
0.5868129280000005
0.6286324790000002
1.087522203999999
0.5870805349999983
0.5456586389999991
1.0869186609999986
0.5955346609999985
0.5874298529999997
0.5868569739999998
0.5868580399999992
0.5869749330000005
0.5873959220000025
0.5872943849999999
0.628531259999999
0.5455859220000008
0.6289378639999974
0.5868319329999991
0.586954341000002
0.5870927849999994
1.0957007849999982
1.086971043000002
0.5955870430000019
0.5872417039999966
0.5875669160000037
0.6288964299999975
0.5869460530000019
0.5458526100000043
0.6285156749999956
0.5875141580000012
0.5868231630000018
0.545872420000002
0.5868970889999972
1.0875191080000022
0.586804394000005
0.5871896240000005
0.5873416999999961
0.6286127960000023
1.0872207959999969
0.5958367960000004
0.5453082479999978
0.6292546490000035
1.08679652
0.5872185959999996
0.5868335000000044
0.545235126999998
0.6291479659999979
0.5867886080000062
0.5457566079999978
0.6288125549999961
0.5874285550000025
0.5874506729999993
0.976275562999998
0.6288109870000014
0.5874269870000006
0.5871232370000001
0.587126585
0.5871368970000006
1.0875329060000034
0.5871875929999959
0.5870681729999987
0.6288741150000021
0.5871772619999973
0.628825200999998
0.5874412010000043
0.5464092009999959
0.5873166639999994
0.5869928500000015
0.5874777520000052
0.5873166469999944
1.0959246469999968
0.5868155249999987
0.587503562000002
0.5872461209999997
1.0872572899999966
0.5958732900000001
0.587396861000002
0.5873599139999968
1.0871987559999994
0.5869547499999967
0.587517640999998
0.5868597150000028
0.5868174220000029
0.5454334220000021
0.5875565369999975
0.5874091980000031
0.6288004660000013
0.587482695999995
0.6287617879999985
0.5873777879999977
1.0959857880000001
0.5875219359999946
0.6286295360000054
0.5873521310000029
0.6287961379999985
1.0874687660000006
0.5875806220000044
0.5455120000000022
0.6291280000000015
0.5455661029999987
0.5873497819999969
0.5870129970000022
0.5455986769999939
0.6287580939999984
0.5874711169999998
0.5869955860000005
0.5870742050000004
1.0956822050000028
0.5872430320000035
0.6285670189999948
0.5871830190000011
0.5869720680000015
1.0955800680000038
1.0873190169999987
0.5959350169999951
0.5869406050000023
0.5456131649999989
0.5868161760000064
0.5872477269999976
0.5875108720000028
0.5461268720000021
0.5871544419999992
0.5868857419999998
0.5874959129999979
0.629194923
0.5870327270000004
0.6291165400000054
1.0877245399999964
0.5872048900000024
0.5868860060000003
1.0954940060000027
0.6291100060000048
0.6285163259999962
0.5871530870000043
0.5873049889999962
0.5456940070000016
0.58699412
0.5867911939999999
0.5874491519999978
0.6291396929999991
0.5877556929999983
0.5870338240000024
0.5868570949999992
0.5869265259999992
1.0955345260000016
0.9791425259999968
0.5877585260000018
0.587009700000003
0.5873962889999973
0.586877573999999
1.0954855740000013
0.5874026090000015
0.5870358679999939
0.5456518680000002
0.5873428660000002
0.5869437810000022
0.5868371890000006
0.5875875930000021
0.5868443150000004
0.5453987900000001
0.6289207460000057
0.5869423219999987
0.5873157390000046
1.0869307020000036
0.595546702
0.5872653249999971
0.586880825999998
1.0954888260000004
0.5039992629999972
0.6291381119999997
0.5456718599999988
0.5872814330000011
0.629245087000001
0.5878610870000003
0.5874199590000018
0.5451626549999986
0.6285615450000037
0.587586660999996
0.5875031679999978
0.9756869790000025
0.5868762360000019
0.9763183889999993
0.6349343890000014
0.5869586159999969
0.6289844439999968
0.5870726429999991
1.086801285
0.5454172849999992
0.587112740000002
0.587170712999999
0.5875788189999938
0.5873496919999965
0.5873250349999992
0.5873065580000016
0.5868667939999952
0.587002358999996
0.975928439999997
0.5869008840000021
0.6290660510000023
0.6285524710000061
0.5871684709999982
0.587015411000003
1.0870903970000043
0.5957063970000007
0.5874208209999949
0.5458610330000013
0.6294770330000006
0.5868763539999975
0.6289288899999974
0.5875448900000038
0.5456837919999984
0.9761297729999967
0.6347457730000059
0.5871726450000025
0.5869697179999989
0.5868260100000029
0.5872961150000009
0.5871507499999993
1.0957587500000017
0.5869415240000038
0.5868788280000032
0.5875032160000018
0.546119216000001
1.0872395620000006
0.586860128000005
0.5875820099999984
0.6284968880000008
0.5874715120000005
0.5464395119999992
0.5869280259999954
0.5871483960000035
0.5457091409999961
0.5875704260000063
1.0874332879999997
0.5868886649999965
0.5456975600000007
0.6290699139999987
1.0871175690000001
0.5957335689999965
0.5875111929999974
0.5870384500000014
0.5875222949999994
0.5868009079999936
0.5875824600000001
0.5869040130000016
0.5455200129999938
0.5874517469999958
1.0870210630000017
0.6290787940000016
0.5876947940000008
0.5868052709999958
0.5875029549999979
0.5875552380000002
1.0873988399999988
0.5873308180000052
0.5868273649999978
0.5458442110000021
0.5873730389999992
1.0871738149999999
0.5868213920000045
0.587513064999996
0.587071274000003
0.5460392740000017
0.5874954919999951
0.5868590810000001
0.628845787000003
0.5874617870000023
0.5453990199999978
0.6291605879999977
0.5874171150000009
1.0960251150000033
0.5872057970000029
1.0874904969999974
0.6291421679999942
0.5877581680000006
0.5874699610000036
0.5874674220000031
0.5872696239999939
0.5452166250000019
0.6289582160000009
0.5873509799999965
0.5872065049999975
0.5868505299999995
0.587283467000006
0.5458994669999981
1.0869313469999966
0.5868898949999988
0.5872099649999996
0.5868127729999983
0.6292010290000007
1.0878090289999989
0.5874594269999989
0.545700251999996
0.5875338110000001
1.0873097079999994
0.5459257079999986
0.5871671279999973
0.5870896580000036
0.5870730489999971
0.5872922779999996
0.5873673450000041
0.5459833449999962
0.5869100749999987
0.5872548460000004
0.6291322400000041
0.5877482399999963
1.0872193559999985
0.595835356000002
0.5870224040000025
0.5868825149999992
1.0954905150000016
0.5874454949999972
0.6287843619999975
0.5871802250000044
0.5871409619999994
0.5868283729999959
0.5872821210000012
0.5462501209999999
0.5875747349999969
0.5873068929999974
0.5872182829999986
1.0873167800000019
0.5959327800000054
0.5868149399999965
0.5455274010000011
0.6288307599999996
1.0870245450000056
0.595640545000002
0.5875267389999976
0.587205302000001
1.0958133020000034
0.5544293020000026
0.5867932809999985
0.5873273770000011
0.5458041870000017
0.6286395959999993
0.5870801569999955
0.5873217359999998
0.5872278490000014
0.5873145609999995
0.5874883939999975
0.6290829179999946
1.0876909179999998
0.587273746000001
0.5873674440000016
0.5868267079999967
1.095434707999999
0.6290507079999941
0.586930602999999
0.5873945509999956
0.5455652509999993
0.6291161629999991
0.5872527140000017
0.5874764359999958
0.5868080119999988
0.5868897950000047
0.6287491710000026
0.5875210359999983
1.0868202569999994
0.5954362570000029
0.5869736220000021
0.6288050050000038
0.5874210049999959
0.5868777159999965
1.0954857159999989
1.0867776350000042
0.5953936350000006
0.5871698730000006
0.5457858729999998
0.5873016050000004
0.5868964340000034
0.587093535000001
0.5872019990000013
0.628619356999998
0.5875792809999965
0.5869814419999955
0.5868179900000001
0.6290678390000011
1.0873226179999946
0.6284679250000025
0.5870839250000017
0.5874052710000015
1.096013271000004
0.6296292709999989
0.5456288869999995
0.6292448870000058
0.5871743180000024
0.5867882119999948
0.5872285899999952
0.6288815189999966
0.5874975190000029
0.5875789289999958
0.5869734699999967
0.5871647359999983
0.5868686450000027
0.5869170169999975
1.095525017
0.9791330169999952
0.5877490170000002
0.5452854299999998
0.6289171840000023
0.5452331689999994
1.087269708000001
0.5873660950000001
0.5875236420000007
0.5868911170000004
0.6292262039999983
0.5878422040000046
0.586921107000002
0.5875727959999963
0.587292589999997
0.5873926070000053
0.6286313980000031
0.5872473979999953
0.5868771299999977
0.6291189410000015
1.0877269409999997
0.5871598280000043
0.5872634489999982
1.0958714490000006
0.5868004189999994
0.5868903010000039
0.5867913479999984
0.6287424379999962
0.5873783500000016
0.586871991999999
0.5872047880000011
0.9756804579999994
0.6342964580000015
0.5929124580000007
0.587011087999997
0.5871929389999977
0.5871054619999967
0.5871229239999991
0.5869710340000012
1.0867917809999952
0.6287077709999949
0.5873237710000012
1.0869776140000056
0.595593614000002
0.5869273679999978
0.587294509000003
0.5875358790000007
0.5875319749999974
0.6284830369999952
0.5874001530000044
0.5868211050000056
0.5456298869999969
0.976090929999998
0.6347069300000001
0.5453177330000045
0.5868717200000049
0.5873988549999964
0.5870853349999976
0.5869877479999985
1.0867659190000012
0.5454050729999977
0.6285532930000031
0.5871165269999992
0.6284849170000015
0.5875265019999958
0.6291881319999959
0.5878041320000023
0.5870614259999982
0.5869044989999992
1.0955124990000016
0.5541284990000008
0.5877444990000029
0.5870590710000059
0.5873907349999996
0.5872706139999977
0.5870972450000025
1.0868516850000063
0.5954676850000027
0.5871424149999953
1.087279414000001
0.5870306460000023
0.5871755200000024
0.5871815549999937
0.5872146270000016
0.5868840740000039
0.5872652759999966
0.5874949290000018
0.6290776939999958
0.5876936940000022
0.5868107750000036
0.5867935549999999
0.5870945149999969
1.0957025149999993
0.5873089689999986
0.5871247649999987
0.6288454889999997
1.0874534889999978
0.628914137999999
0.5875301379999982
0.5872287870000008
0.5872732930000026
0.6290990310000026
0.5877150309999948
0.5454483120000049
0.6287426949999997
0.587110298000006
0.5873852729999953
1.0868262950000016
0.595442294999998
0.5874647130000028
0.9759771760000007
0.5869881180000007
0.6285895560000014
0.5873164439999954
0.5871483060000031
0.5869937200000024
1.0956017200000048
0.5872377729999982
0.6287219020000023
0.5873379020000016
0.5872605479999962
0.5458765480000025
0.5870306260000007
0.5875670640000052
0.5874214480000006
0.6292484250000001
0.5872412300000036
0.6287704949999977
0.5869883049999984
1.0955963049999937
0.5873865229999993
1.0959945230000017
0.5874735980000025
0.6286851589999998
0.587301158999999
0.6290121380000002
0.5876281379999995
0.5465961379999982
0.587302944000001
0.5874973920000031
0.9758106250000012
0.6285604550000059
0.5875030619999961
0.5869616239999971
0.5874222329999981
0.5873298070000033
0.5873219309999982
0.5868279529999967
1.095435952999999
0.6286462469999989
1.0872743810000003
0.5958903809999967
0.5870619559999994
0.5872509100000016
0.5874311930000005
0.545389047999997
0.5870843579999985
0.5869470210000003
0.5875089449999962
0.5872420939999969
0.5870950730000004
0.9756540549999997
0.5870406169999995
0.5870329249999955
0.5873255650000004
0.5875509979999975
0.5872065510000013
1.0869842840000032
0.5956002839999996
0.6288441179999964
0.5874930690000042
0.5458463749999964
0.6289499070000062
0.5868666929999975
0.5455881819999959
0.6287841400000005
1.0871233270000005
0.5957393269999969
0.5871574260000045
0.5874017899999942
0.6291130960000046
0.5873105590000023
0.586875746000004
0.5454917459999962
0.5870406200000033
1.0875596769999945
0.5871434609999966
1.0867739799999967
0.5873127720000042
0.5459287719999963
0.5869910719999964
0.5868720990000043
0.5873714790000051
0.6289103559999987
1.087353709999995
1.087312978
2.0
2.0
2.0
2.0
2.0
2.0
2.0
2.0
2.0
2.0
2.0
2.0
2.0
2.0
2.0
2.0
2.0
2.0
2.0
2.0
2.0
2.0
2.0
2.0
2.0
2.0
2.0
2.0
2.0
2.0
2.0
2.0
2.0
2.0
2.0
2.0
2.0
2.0
2.0
2.0
2.0
2.0
2.0
2.0
2.0
2.0
2.0
2.0
2.0
2.0
2.0
2.0
2.0
2.0
2.0
2.0
2.0
2.0
2.0
2.0
2.0
2.0
2.0
2.0
2.0
2.0
2.0
2.0
2.0
2.0
2.0
2.0
2.0
2.0
2.0
2.0
2.0
2.0
2.0
2.0
2.0
2.0
2.0
2.0
2.0
2.0
2.0
2.0
2.0
2.0
2.0
2.0
2.0
2.0
2.0
2.0
2.0
2.0
2.0
2.0
2.0
2.0
2.0
2.0
2.0
2.0
2.0
2.0
2.0
2.0
2.0
2.0
2.0
2.0
2.0
2.0
2.0
2.0
2.0
2.0
2.0
2.0
2.0
2.0
2.0
2.0
2.0
2.0
2.0
2.0
2.0
2.0
2.0
2.0
2.0
2.0
2.0
2.0
2.0
2.0
2.0
2.0
2.0
2.0
2.0
2.0
2.0
2.0
2.0
2.0
2.0
2.0
2.0
2.0
2.0
2.0
2.0
2.0
2.0
2.0
2.0
2.0
2.0
2.0
2.0
2.0
2.0
2.0
2.0
2.0
2.0
2.0
2.0
2.0
2.0
2.0
2.0
2.0
2.0
2.0
2.0
2.0
2.0
2.0
2.0
2.0
2.0
2.0
2.0
2.0
2.0
2.0
2.0
2.0
2.0
2.0
2.0
2.0
2.0
2.0
2.0
2.0
2.0
2.0
2.0
2.0
2.0
2.0
2.0
2.0
2.0
2.0
2.0
2.0
2.0
2.0
2.0
2.0
2.0
2.0
2.0
2.0
2.0
2.0
2.0
2.0
2.0
2.0
2.0
2.0
2.0
2.0
2.0
2.0
2.0
2.0
2.0
2.0
2.0
2.0
2.0
2.0
2.0
2.0
2.0
2.0
2.0
2.0
2.0
2.0
2.0
2.0
2.0
2.0
2.0
2.0
2.0
2.0
2.0
2.0
2.0
2.0
2.0
2.0
2.0
2.0
2.0
2.0
2.0
2.0
2.0
2.0
2.0
2.0
