0.29525720199999994
0.33746108
0.33675318700000006
0.295361187
0.642539619
0.33742753400000003
0.37846926499999994
0.37890478400000005
0.753543403
0.3787326059999999
0.378675173
0.3784341459999999
0.37878184300000006
0.864493822
0.37911466700000007
0.378732909
0.4207328550000001
0.37934085500000003
0.337052884
0.42051126399999994
0.37871011099999996
0.4201798619999999
0.3791350470000001
0.37880992599999996
0.4202881220000001
0.378896122
0.42054506999999997
0.3791530700000001
0.37876866499999995
0.42013865400000006
0.37874665399999996
0.379036728
0.4203225230000003
0.3372911420000002
0.42028394199999997
0.3786559009999999
0.3786304629999999
0.42009175200000026
0.37869975199999995
0.37869306199999997
0.37892320300000026
0.3372949009999999
0.4205360410000001
0.3789506819999997
0.37844455099999985
0.33681025799999986
0.42053623500000015
0.37910407200000007
0.37868308799999983
0.3369502900000003
0.420581522
0.37898653299999996
0.37902138400000007
0.3369231250000002
0.4202120039999997
0.37843617200000024
0.37879017599999987
0.337282214
0.42072819500000014
0.3791521740000001
0.37912685
0.33731556900000026
0.4206654209999998
0.37857604
0.37840936299999983
0.3371586070000001
0.420400044
0.37863316000000014
0.378751796
0.3372528880000001
0.4206287089999998
0.37846833199999974
0.37862474999999973
0.3373456810000004
0.42034112300000004
0.37866263400000033
0.3791373579999999
0.3368933719999996
0.4207492719999997
0.37861378000000023
0.3787907940000004
0.3375269799999998
0.4204369950000002
0.37860551099999995
0.3789089990000001
0.33696835000000025
0.42024343799999997
0.3784925079999999
0.378431634
0.33677134900000016
0.4208438980000002
0.37915181700000034
0.3789693189999994
0.3368545230000004
0.4206802509999994
0.37897201500000044
0.3785402950000005
0.33753184099999967
0.42060646399999957
0.378885425
0.37869517300000055
0.33728042399999936
0.42057806300000067
0.3789132559999997
0.379179186
0.33750255600000045
0.4204194380000006
0.3791098779999995
0.3786287110000002
0.33685032400000026
0.42018926200000006
0.3790128380000004
0.37888625699999956
0.33674501600000006
0.4201706380000001
0.3785885890000005
0.37867407600000025
0.337007764
0.4203066989999993
0.3786990430000001
0.37861059699999977
0.3369775260000001
0.420372446
0.37917324899999993
0.3785126969999997
0.3372719310000001
0.42042538200000035
0.37864632599999926
0.3784918460000002
0.33745841700000057
0.4205971059999998
0.3787803520000006
0.3786351689999998
0.336820275
0.42053217399999987
0.3786076879999998
0.3784116129999999
0.3368442319999998
0.4201161639999995
0.37863365699999996
0.37856542599999976
0.336773161
0.42028789
0.37904501600000007
0.3787185280000003
0.33676027200000025
0.4201115099999999
0.3789859369999995
0.37867820999999946
0.33681164600000013
0.4203613690000001
0.37888214100000006
0.3789938149999994
0.3371820569999997
0.4203825050000001
0.3790998459999999
0.3790678879999998
0.33687283800000056
0.42024732099999973
0.37915306700000073
0.3791044269999997
0.33706008599999926
0.4201245880000002
0.37853292900000035
0.37891676199999935
0.33706728399999974
0.420473694
0.378921708
0.3788498580000006
0.33748203099999863
0.4205048500000004
0.3790086170000002
0.3790527399999988
0.3371803
0.42084852600000033
0.378564600999999
0.3784200359999996
0.3374772040000007
0.4205339059999993
0.37869157899999983
0.3791552749999987
0.3375003870000004
0.42008218399999997
0.3789424230000016
0.3787246890000002
0.3371689350000011
0.42047577700000005
0.37858590999999997
0.37898309800000085
0.3368656439999995
0.42063510700000073
0.37888085900000057
0.3790196950000002
0.33734045499999965
0.4205190630000004
0.3787297909999996
0.3784527569999998
0.3367781660000002
0.42020107199999934
0.37889594800000026
0.378965921999999
0.3370312319999993
0.42085353100000056
0.37881199600000137
0.3791620570000003
0.3373032630000008
0.4208048659999992
0.37917542599999976
0.37879877200000145
0.3369936719999984
0.42057380099999975
0.3787473800000001
0.378915984999999
0.3368164700000005
0.42028739200000054
0.3784340069999992
0.3790231689999999
0.33694658300000135
0.4205787379999997
0.37879960100000076
0.3786738449999998
0.33680712600000007
0.42040556000000073
0.37848687299999995
0.37918462300000044
0.33714333100000005
0.4207409139999996
0.3784307140000003
0.379201986
0.33725332899999927
0.4205148300000001
0.3789612420000008
0.37882836
0.33689990399999914
0.4200778940000003
0.3787837499999984
0.3791427600000006
0.33708584300000055
0.4207965009999999
0.3787348650000002
0.378830301999999
0.3374089109999989
0.4206728490000007
0.3785396200000015
0.3784202410000006
0.3369002930000011
0.42081871399999926
0.3790367440000004
0.3788574530000002
0.3369630109999999
0.42044021000000065
0.3791246309999998
0.3791057699999989
0.3375381710000003
0.42036347099999993
0.379131726999999
0.3786123850000003
0.33748910700000145
0.4205228349999999
0.3786077040000002
0.3784976649999994
0.33749561299999975
0.42053576900000067
0.378919358000001
0.37887366300000025
0.3368297760000001
0.42018884999999884
0.3788097569999991
0.37924535100000156
0.3374712879999997
0.4205089520000005
0.37886898500000044
0.3786418009999988
0.3373352720000007
0.42067353300000043
0.3786553759999993
0.37895224700000085
0.33681878600000026
0.4208288979999999
0.3786030329999992
0.3787291079999999
0.3368543309999996
0.4203751310000001
0.37862821100000055
0.37899860199999935
0.33683860400000043
0.42018583499999984
0.3791563199999999
0.3789206700000012
0.3368426909999993
0.42087304500000045
0.3789636680000008
0.3788208139999991
0.33696169299999923
0.4208836370000011
0.3792398099999996
0.3784844869999997
0.3371282330000014
0.42033680199999957
0.37847516999999975
0.37905775399999975
0.3372228229999994
0.42034485499999974
0.37924488800000056
0.37923038799999986
0.33697893100000087
0.42030342799999865
0.3789279679999993
0.3785443260000001
0.3374096679999994
0.4203430509999997
0.3788187670000003
0.3789301819999995
0.33732564499999995
0.42080933200000104
0.3786741169999992
0.3792071669999988
0.336909103
0.42070958299999894
0.37887316999999854
0.37899462700000086
0.33691550400000025
0.42029712699999777
0.3785607740000003
0.37859276300000033
0.33687925099999916
0.4204225309999998
0.37862258300000207
0.378971331999999
0.33697641999999917
0.4205528180000009
0.37877441999999917
0.379109672000002
0.33709797499999894
0.4207445760000006
0.3790853940000005
0.37846000399999724
0.3370920280000007
0.42062223900000006
0.37854966300000115
0.37917728999999767
0.3372470970000023
0.42024702999999874
0.37885280500000107
0.37846836199999956
0.3374055889999994
0.42031807500000085
0.3792208620000004
0.3792396579999995
0.3371726989999999
0.42086002499999964
0.3789796179999989
0.37856915200000074
0.33741905899999836
0.4206335360000004
0.37870724899999786
0.378468067
0.33720849899999905
0.4208436440000014
0.37898473299999935
0.37880846099999843
0.336837819000003
0.4207302519999985
0.3786634669999991
0.3788868289999989
0.33682752699999696
0.4204811269999986
0.378892166
0.3785153670000021
0.33732049600000025
0.42046488900000156
0.37923799
0.3789239190000018
0.33716946099999845
0.42031292600000114
0.37893761399999804
0.3788429999999998
0.3372371419999993
0.42032038299999996
0.3788279910000014
0.3785924079999994
0.3368862760000013
0.4201551739999978
0.37870689400000046
0.37900071099999977
0.33729280899999736
0.420850669
0.37901411100000004
0.3791063120000011
0.3370775100000003
0.42024664099999853
0.3786601069999982
0.379188893000002
0.3372022399999999
0.42046066300000007
0.3788210549999995
0.37915379000000016
0.3367918880000005
0.42057510100000073
0.37921448999999896
0.3792519900000002
0.337531147
0.42065771699999743
0.37892124200000055
0.37918264199999996
0.3369375219999995
0.4204459420000006
0.378770976000002
0.37897832500000206
0.33747763399999897
0.42071999799999915
0.3791160669999982
0.37908717200000197
0.3369016269999996
0.42090924300000054
0.3788332160000003
0.37917191200000033
0.33692599300000126
0.42073976900000076
0.3790235580000001
0.37919841000000076
0.3375623310000009
0.42054883699999834
0.37913263600000136
0.3792214999999999
0.3370323579999983
0.4205099049999994
0.37912062400000224
0.37849700499999983
0.33741378099999864
0.42036957899999905
0.3784943279999986
0.3792392960000015
0.3372942369999983
0.42069026100000073
0.37916727100000003
0.3785482029999976
0.33701691399999945
0.4207770920000016
0.3790718609999999
0.3789090900000005
0.3372665940000026
0.420239880999997
0.37874159500000104
0.37856112500000094
0.33745347699999684
0.4207135539999989
0.37847836999999984
0.3788653229999994
0.337380593999999
0.4201248040000003
0.37880906699999883
0.3788856410000001
0.3370203700000012
0.42068825900000206
0.37885247499999863
0.3786101639999977
0.33705176600000186
0.42059806099999975
0.3786525030000014
0.37917964000000026
0.3370254980000027
0.42021087999999907
0.37916426900000033
0.37911314200000135
0.3374102069999978
0.4208650679999977
0.37920667800000274
0.37905415999999903
0.337357205
0.42017245399999936
0.3787085829999981
0.37862433500000137
0.33732884400000174
0.4203691330000012
0.378730792999999
0.3784946869999999
0.33708783000000153
0.4205276550000008
0.37890534399999964
0.378864458999999
0.33679307700000294
0.42021375799999916
0.3784954330000012
0.37911401699999914
0.337226574999999
0.4203587800000008
0.3784695140000025
0.37916884100000203
0.3370006829999994
0.4208236740000011
0.3790938139999973
0.3792465540000016
0.33733674999999863
0.42057151400000237
0.379105028999998
0.37884858099999974
0.33739037300000163
0.4204922900000021
0.3786480740000009
0.3788767439999994
0.33723532400000167
0.4204929120000003
0.3790464130000011
0.3790740449999994
0.33685587199999745
0.4203095009999984
0.3791140660000032
0.37904915600000066
0.3370980770000003
0.4204890359999993
0.37865894699999814
0.37891479299999986
0.3370330469999985
0.4204364869999999
0.37877414299999757
0.37900726699999865
0.3371223229999991
0.42080495500000126
0.37892144199999933
0.3790406289999986
0.3370939230000012
0.4206683389999988
0.3790325170000024
0.3786518530000009
0.3372162129999978
0.4201760059999984
0.379045768000001
0.37888029600000195
0.337572509000001
0.4203519190000016
0.378502374
0.37905683199999984
0.3374274530000001
0.42055316600000126
0.3788762099999978
0.3790746669999976
0.3370689420000019
0.42082865900000144
0.3788691560000004
0.37872969500000053
0.3374067700000012
0.4207123519999989
0.37918982100000065
0.3785608389999986
0.3370426309999992
0.4201851509999983
0.37911344000000113
0.37920210600000104
0.3371135479999978
0.42071028799999866
0.37898806899999826
0.37879062700000077
0.33709925200000157
0.42075280499999934
0.3789878139999985
0.3791408109999992
0.3371122490000005
0.42086079799999965
0.3787664409999998
0.37862471799999753
0.33714748100000236
0.42043009100000006
0.3792268830000012
0.37919525699999923
0.3371817589999999
0.42032026799999755
0.3790152570000025
0.3785609270000023
0.3369630800000003
0.4207960349999986
0.37883595499999956
0.37892038700000086
0.3371044430000012
0.42091518300000175
0.3790265599999998
0.37851233299999976
0.3372186670000019
0.42069240800000074
0.37845977299999944
0.3788146949999991
0.3373265080000003
0.4208775490000001
0.3791506560000002
0.3790423529999991
0.33721713699999967
0.42017109300000044
0.3789284980000005
0.37924389200000164
0.33757360499999933
0.4208747180000003
0.37861394199999765
0.37871680900000015
0.3369194919999998
0.42046642000000034
0.37865739999999803
0.37899868799999936
0.33755132299999957
0.420646584
0.37910494899999847
0.3788546189999984
0.33701957100000257
0.42025973599999844
0.37852034000000145
0.37858691899999997
0.3374255660000003
0.42066934700000047
0.37864458600000006
0.378773755000001
0.33698302499999855
0.42038956600000077
0.37913378300000034
0.3786791150000006
0.3373631060000015
0.4208548659999991
0.3784668009999983
0.37923795899999746
0.3372739660000015
0.42032557599999976
0.3792271840000012
0.37861229399999985
0.33691979299999986
0.4205929039999994
0.37887443700000034
0.3784713239999995
0.3374105029999974
0.42038461799999993
0.37901534500000267
0.3792432020000014
0.3371989599999985
0.4207071599999992
0.37884315499999843
0.3791788959999991
0.33724216099999893
0.42076386399999777
0.37851114900000127
0.378845210999998
0.33703440100000037
0.42041306000000134
0.3791642990000028
0.37901462700000366
0.3373767490000006
0.4205627589999992
0.3792390749999939
0.3788296250000016
0.3375845429999984
0.4204851890000043
0.3788129180000013
0.3790227649999949
0.33711876899999993
0.42060384199999845
0.3791803929999986
0.3786087460000047
0.33713349599999987
0.42058389500000004
0.3786254030000009
0.37918051399999797
0.3375194139999991
0.4202893329999995
0.37916905000000156
0.37920849300000015
0.3370908710000009
0.42046370799999977
0.37913272199999426
0.3786395719999973
0.33752253800000176
0.4208783650000001
0.3790301169999992
0.3787034259999942
0.3372730829999995
0.4203022720000007
0.37846338599999996
0.37907703100000134
0.3375811279999965
0.4203951659999987
0.3786519890000051
0.3790923549999974
0.3373435739999948
0.42091100400000414
0.3788604530000015
0.3789268460000059
0.337119512000001
0.42020767599999687
0.3790809249999967
0.3790035709999984
0.33758499399999664
0.42079834200000477
0.3789294190000021
0.3784996750000005
0.33717713500000457
0.42084974200000147
0.3792535010000009
0.37872545000000457
0.3374648899999997
0.4208133389999986
0.3789103560000058
0.37910370499999857
0.33701913999999533
0.4207327620000001
0.378552464000002
0.37924703300000573
0.336894516000001
0.42083755599999506
0.3790693979999986
0.3786447219999971
0.3368000540000011
0.4202209769999996
0.37848241100000024
0.378543981
0.33722153000000077
0.4206889610000033
0.37901615999999905
0.37910863700000164
0.33717575099999664
0.42088637599999856
0.37885754200000576
0.37909671799999956
0.33686562699999456
0.42050607899999903
0.3791417260000003
0.37876782100000383
0.3374738939999986
0.4205880949999994
0.3790386049999981
0.37881343400000134
0.33702762699999766
0.42068411800000405
0.378662472000002
0.37882887899999673
0.3370936029999996
0.42059210000000036
0.3788212460000011
0.3788416570000024
0.33696931099999716
0.4205334519999937
0.37903171199999974
0.3789664299999984
0.337392788999999
0.42031469799999854
0.37905574399999864
0.3792156590000033
0.33715057100000223
0.42035965299999845
0.37906962899999996
0.37865802900000034
0.33700583699999953
0.42087165600000276
0.378500080000002
0.378789734999998
0.337520473000005
0.420416797999998
0.3791028890000021
0.37921689299999883
0.3372201600000011
0.4207396999999986
0.3787756610000059
0.3788358179999989
0.3373167999999964
0.42079312100000266
0.3792100309999995
0.37879722100000635
0.33710994399999805
0.4201557359999981
0.3791842109999948
0.3789011880000004
0.33729458999999906
0.4206245880000026
0.3786129510000009
0.37915128499999895
0.33754736200000224
0.42043271299999674
0.3791122769999973
0.37900436600000376
0.3372605730000018
0.4204432659999995
0.37920772800000435
0.37872692199999847
0.3375864739999983
0.4208117439999981
0.37906198999999674
0.3786405419999994
0.3372435460000034
0.4208522799999983
0.37860276800000037
0.37900398000000024
0.33725709499999823
0.4202090389999995
0.3785851320000049
0.3792141599999965
0.3368738290000053
0.42031922799999677
0.3787567139999979
0.37868696400000346
0.3370195919999972
0.4205291070000001
0.3791334850000041
0.3785656939999953
0.33682510299999535
0.4208595150000036
0.378462313
0.3787042280000037
0.33745325699999995
0.42091779799999784
0.3792539270000006
0.3787730649999972
0.33754032099999876
0.4204591640000004
0.379045320000003
0.3786829069999982
0.33718597600000066
0.4208721279999992
0.3788687830000015
0.37913640900000445
0.3373502170000009
0.42017485499999907
0.3788857219999997
0.3785958949999966
0.33734952100000015
0.4203526460000049
0.3785553880000023
0.3788838740000031
0.3371907690000029
0.4207686829999986
0.37911617199999625
0.37870979000000204
0.33732832300000126
0.42075569400000035
0.3788208180000012
0.3790272090000002
0.33716179700000026
0.4206987600000005
0.3784767699999989
0.3790285580000017
0.3368093630000004
0.42036038799999886
0.378546956000001
0.3790315509999971
0.3374709429999996
0.42089501800000306
0.378459792000001
0.3791791460000056
0.33720724100000155
0.4204022529999989
0.37906088799999793
0.37878910799999943
0.33702527699999507
0.4203027920000011
0.37893033600000336
0.37886743800000033
0.33736439100000126
0.4209201310000026
0.3784966460000021
0.3791008140000045
0.3374914839999974
0.42030049299999916
0.3785559380000052
0.37846818699999574
0.33725542199999836
0.4205651410000044
0.3790407290000033
0.37867590100000115
0.3373961660000049
0.4201625529999973
0.3792497929999996
0.3787349409999976
0.33687541599999804
0.42075086200000555
0.3785118250000039
0.37905787999999774
0.3368502840000005
0.4208916919999979
0.3789823589999983
0.3787059450000001
0.3371219140000008
0.42060285899999883
0.3790403870000034
0.3791176510000014
0.3370493890000006
0.42069252400000323
0.37873042199999674
0.3790246540000055
0.3371057350000015
0.42015911299999686
0.37887080199999446
0.3786716059999975
0.3373054059999987
0.42034255200000104
0.3786851260000006
0.3791196929999998
0.3368045210000048
0.4203061609999992
0.378540926999996
0.3786807139999979
0.3368693859999965
0.4207460199999957
0.3789609880000029
0.37890888300000114
0.33735147999999526
0.4202901350000019
0.378712096000001
0.3785938270000031
0.337573122000002
0.42074709799999965
0.37884510499999635
0.3787619570000018
0.3369641589999972
0.4204403690000049
0.3786249409999982
0.37854489199999364
0.33723403100000127
0.42055888099999805
0.37911487999999594
0.378929995
0.3370643479999984
0.42088509899999593
0.3791469340000049
0.3786396510000003
0.33691072599999927
0.420915088000001
0.37850467700000223
0.3786332490000035
0.3369242710000009
0.42026058100000085
0.37885929599999457
0.37921860099999805
0.336898951000002
0.42033899000000474
0.37887281800000494
0.3788411249999939
0.337463580000005
0.4207957639999975
0.3789802860000009
0.3789548620000005
0.3369040580000018
0.4207820349999949
0.37846215300000097
0.37863440399999604
0.33696576099999476
0.42041354999999925
0.37872462899999704
0.3791844310000059
0.3369181760000046
0.4207451249999963
0.3788597589999938
0.37904222400000265
0.3370853599999961
0.4205278579999998
0.3792272080000032
0.3788549450000005
0.33681055200000287
0.42054141900000275
0.3790335280000008
0.37901399999999796
0.33697149000000337
0.4202801559999969
0.37897793500000176
0.378831145999996
0.3369294190000005
0.42041577500000216
